{
  "object_poses": [
    [
      [
        0.2611791422631121,
        0.6890963273190789,
        0.6759672383496569,
        -0.0020026909187436104
      ],
      [
        0.09336555891114134,
        0.6789562768491165,
        -0.7282178565075124,
        -0.042669638991355896
      ],
      [
        -0.9607644498293613,
        0.2533073741574505,
        0.11299135427784769,
        -0.3327863812446594
      ],
      [
        0.0,
        0.0,
        0.0,
        1.0
      ]
    ],
    [
      [
        0.08251496807998224,
        0.5568385171877559,
        0.8265120361004431,
        -0.0003505039494484663
      ],
      [
        0.18249358847004699,
        0.8068742501413307,
        -0.5618274064391927,
        -0.024442650377750397
      ],
      [
        -0.9797384192783726,
        0.19719231789044409,
        -0.03504025620496207,
        -0.3386516571044922
      ],
      [
        0.0,
        0.0,
        0.0,
        1.0
      ]
    ],
    [
      [
        0.06459491736147535,
        0.5547948968227749,
        0.8294758098404504,
        4.7346315113827586e-05
      ],
      [
        0.17233647201407878,
        0.812520873426208,
        -0.5568751840946524,
        -0.022188564762473106
      ],
      [
        -0.9829179198004303,
        0.17892024118617458,
        -0.043126676536412195,
        -0.3396582007408142
      ],
      [
        0.0,
        0.0,
        0.0,
        1.0
      ]
    ],
    [
      [
        0.052239843172443595,
        0.5419853947081055,
        0.8387626784188823,
        0.0005996314575895667
      ],
      [
        0.16864885345257533,
        0.8230575972346919,
        -0.5423409959272738,
        -0.01973821222782135
      ],
      [
        -0.9842908934936104,
        0.16978817260738333,
        -0.04840881560413493,
        -0.33914273977279663
      ],
      [
        0.0,
        0.0,
        0.0,
        1.0
      ]
    ],
    [
      [
        0.013431642465664126,
        0.4972005590751638,
        0.8675316680306371,
        0.0018701256485655904
      ],
      [
        0.17726439392127277,
        0.8526833028799005,
        -0.49143516320827935,
        -0.017964664846658707
      ],
      [
        -0.9840716059456236,
        0.16038325674823056,
        -0.07668301850105246,
        -0.34284642338752747
      ],
      [
        0.0,
        0.0,
        0.0,
        1.0
      ]
    ],
    [
      [
        -0.01587044642019328,
        0.4682884870819707,
        0.8834330884661854,
        0.003150566015392542
      ],
      [
        0.18757652481578402,
        0.869251869095255,
        -0.45740161282229813,
        -0.01786069944500923
      ],
      [
        -0.9821217726272327,
        0.15845214085295584,
        -0.1016353422322063,
        -0.34079498052597046
      ],
      [
        0.0,
        0.0,
        0.0,
        1.0
      ]
    ],
    [
      [
        -0.02948408617788483,
        0.43054882271576184,
        0.9020855834788218,
        0.003262631595134735
      ],
      [
        0.16794705099334423,
        0.8917817531489166,
        -0.4201417532372665,
        -0.017306586727499962
      ],
      [
        -0.9853550003551482,
        0.1391151178295032,
        -0.09860277514547627,
        -0.3439483940601349
      ],
      [
        0.0,
        0.0,
        0.0,
        1.0
      ]
    ],
    [
      [
        -0.04504118807703539,
        0.41856065523302566,
        0.9070712592004608,
        0.0029640740249305964
      ],
      [
        0.16209461357328828,
        0.8990222710616411,
        -0.40679760617006544,
        -0.017523592337965965
      ],
      [
        -0.9857467360469097,
        0.128708717754741,
        -0.10833945886331053,
        -0.3454000949859619
      ],
      [
        0.0,
        0.0,
        0.0,
        1.0
      ]
    ],
    [
      [
        -0.0672857004492814,
        0.41461947711846703,
        0.9075038973519942,
        0.002419405383989215
      ],
      [
        0.15451300126039746,
        0.9029222297323828,
        -0.40107004313038236,
        -0.018671471625566483
      ],
      [
        -0.98569689405849,
        0.11323487205411303,
        -0.12481785446936133,
        -0.3473348319530487
      ],
      [
        0.0,
        0.0,
        0.0,
        1.0
      ]
    ],
    [
      [
        -0.12493241186928271,
        0.3589631256846342,
        0.9249526295239349,
        0.004455193877220154
      ],
      [
        0.14949170100565745,
        0.9284242000592626,
        -0.34011870879849193,
        -0.01763542741537094
      ],
      [
        -0.9808384799725992,
        0.09578089132512688,
        -0.16965228280811673,
        -0.3512824773788452
      ],
      [
        0.0,
        0.0,
        0.0,
        1.0
      ]
    ],
    [
      [
        -0.1904607336524353,
        0.2816204124623646,
        0.9404332258172844,
        0.006761809810996056
      ],
      [
        0.15304079225370396,
        0.9547743538237795,
        -0.2549204762013884,
        -0.0153055964037776
      ],
      [
        -0.9696923351470478,
        0.0953723050204391,
        -0.22494643493986213,
        -0.35331377387046814
      ],
      [
        0.0,
        0.0,
        0.0,
        1.0
      ]
    ],
    [
      [
        -0.25039399156603365,
        0.1989786741219918,
        0.9474757707890389,
        0.008695811964571476
      ],
      [
        0.1763988276337807,
        0.9716465643937146,
        -0.15743699537058858,
        -0.011868566274642944
      ],
      [
        -0.9519381821300461,
        0.12771233748759436,
        -0.2783940664892088,
        -0.3546273708343506
      ],
      [
        0.0,
        0.0,
        0.0,
        1.0
      ]
    ],
    [
      [
        -0.30065184662186456,
        0.10987829432576077,
        0.9473833582868787,
        0.009967787191271782
      ],
      [
        0.19156180406621162,
        0.9800552304306898,
        -0.05287551917802785,
        -0.009356043301522732
      ],
      [
        -0.9342978873709182,
        0.16558534277377673,
        -0.3157038991091648,
        -0.3560042381286621
      ],
      [
        0.0,
        0.0,
        0.0,
        1.0
      ]
    ],
    [
      [
        -0.3274109745073009,
        0.06647859707860596,
        0.9425405295808985,
        0.009906101040542126
      ],
      [
        0.19803896162144405,
        0.9801940895123481,
        -0.00034141610947439893,
        -0.008837098255753517
      ],
      [
        -0.9238953530850128,
        0.18654796438321153,
        -0.3340916543890318,
        -0.36003053188323975
      ],
      [
        0.0,
        0.0,
        0.0,
        1.0
      ]
    ],
    [
      [
        -0.36155135141037503,
        0.008832846108926956,
        0.93231035665327,
        0.010207490995526314
      ],
      [
        0.2056037575681575,
        0.9760936678402102,
        0.07048578917838554,
        -0.00876288115978241
      ],
      [
        -0.9093996454624258,
        0.21717074488029342,
        -0.3547240510607544,
        -0.3632793426513672
      ],
      [
        0.0,
        0.0,
        0.0,
        1.0
      ]
    ],
    [
      [
        -0.3851435864384805,
        -0.017478714195078057,
        0.9226911251200974,
        0.009479159489274025
      ],
      [
        0.19944914314794748,
        0.9746148409512299,
        0.10171504851868457,
        -0.009533155709505081
      ],
      [
        -0.9010463124184317,
        0.22320485287666925,
        -0.3718805406705898,
        -0.36933690309524536
      ],
      [
        0.0,
        0.0,
        0.0,
        1.0
      ]
    ],
    [
      [
        -0.534697594461089,
        -0.17208709151143653,
        0.8273357936247285,
        0.01355447806417942
      ],
      [
        0.20610072231262705,
        0.9229230838439126,
        0.3251699149218077,
        -0.006345012225210667
      ],
      [
        -0.8195248469325005,
        0.3443820759609546,
        -0.4580174789427638,
        -0.36860552430152893
      ],
      [
        0.0,
        0.0,
        0.0,
        1.0
      ]
    ],
    [
      [
        -0.5558070819896203,
        -0.19013003971668885,
        0.8092768720329985,
        0.014376162551343441
      ],
      [
        0.20296404101722038,
        0.9129980950470055,
        0.3538927471628935,
        -0.006659646984189749
      ],
      [
        -0.8061538846052557,
        0.36095019938749157,
        -0.4688612458904942,
        -0.36992910504341125
      ],
      [
        0.0,
        0.0,
        0.0,
        1.0
      ]
    ],
    [
      [
        -0.5795416167240219,
        -0.15074803831786193,
        0.8008786071735359,
        0.015027047134935856
      ],
      [
        0.25531611569074414,
        0.8996813434464035,
        0.354100496078535,
        -0.006805158220231533
      ],
      [
        -0.7739154963905923,
        0.40969318910349295,
        -0.4829143767260529,
        -0.3717931807041168
      ],
      [
        0.0,
        0.0,
        0.0,
        1.0
      ]
    ],
    [
      [
        -0.609415757477584,
        -0.23435743174286874,
        0.7574226222690403,
        0.0165612380951643
      ],
      [
        0.1925699809759385,
        0.8829570549794001,
        0.42813974528071036,
        -0.006761439610272646
      ],
      [
        -0.7691093790644796,
        0.4067719671375985,
        -0.4929577363081538,
        -0.3730688989162445
      ],
      [
        0.0,
        0.0,
        0.0,
        1.0
      ]
    ],
    [
      [
        -0.6524462428557251,
        -0.27941282934173617,
        0.7044447252855925,
        0.017149092629551888
      ],
      [
        0.18804655504157844,
        0.8407865929835253,
        0.507657756954575,
        -0.007657696958631277
      ],
      [
        -0.734133770726046,
        0.4636877999887441,
        -0.4960254336434329,
        -0.3779849410057068
      ],
      [
        0.0,
        0.0,
        0.0,
        1.0
      ]
    ],
    [
      [
        -0.6711964377020556,
        -0.30295028867924,
        0.6765474592408397,
        0.01734120026230812
      ],
      [
        0.18423306433973427,
        0.8158634906913398,
        0.5481103379438609,
        -0.008184517733752728
      ],
      [
        -0.7180205568227568,
        0.4925321178827907,
        -0.49179120857720804,
        -0.3797529637813568
      ],
      [
        0.0,
        0.0,
        0.0,
        1.0
      ]
    ],
    [
      [
        -0.7139907955292143,
        -0.3361153344474251,
        0.6142016166120498,
        0.019240420311689377
      ],
      [
        0.17082224845227117,
        0.7671020287296569,
        0.6183641620861895,
        -0.006016192026436329
      ],
      [
        -0.6789969833020396,
        0.5464256211673646,
        -0.49028781057516563,
        -0.38331055641174316
      ],
      [
        0.0,
        0.0,
        0.0,
        1.0
      ]
    ],
    [
      [
        -0.7314235855871475,
        -0.36502767595458346,
        0.5759985540207856,
        0.020474368706345558
      ],
      [
        0.16161667440744737,
        0.7278105681366437,
        0.6664621725665251,
        -0.004237507004290819
      ],
      [
        -0.6624949728113546,
        0.580557122681146,
        -0.47334325632026386,
        -0.38336676359176636
      ],
      [
        0.0,
        0.0,
        0.0,
        1.0
      ]
    ],
    [
      [
        -0.7447554710124328,
        -0.3863894784790899,
        0.5440978398392207,
        0.02265847474336624
      ],
      [
        0.13701203529999983,
        0.7094239187855064,
        0.6913359571423772,
        -0.0035701687447726727
      ],
      [
        -0.6531209616755542,
        0.5894241888281071,
        -0.47540733591766005,
        -0.38847118616104126
      ],
      [
        0.0,
        0.0,
        0.0,
        1.0
      ]
    ],
    [
      [
        -0.7677373099668625,
        -0.4101032602165461,
        0.49233600197893884,
        0.02360330894589424
      ],
      [
        0.1085636528722318,
        0.6739967082065346,
        0.7307136036791659,
        -0.0034759955015033484
      ],
      [
        -0.6315008758187777,
        0.6144458912601789,
        -0.4729301117010855,
        -0.39279595017433167
      ],
      [
        0.0,
        0.0,
        0.0,
        1.0
      ]
    ],
    [
      [
        -0.7720909201797991,
        -0.3946113142439234,
        0.4981541143527726,
        0.022846750915050507
      ],
      [
        0.11366608750000998,
        0.6854752870758841,
        0.719168722457168,
        -0.005467436276376247
      ],
      [
        -0.6252644492759457,
        0.6118868698369974,
        -0.48439532098558735,
        -0.3936609923839569
      ],
      [
        0.0,
        0.0,
        0.0,
        1.0
      ]
    ],
    [
      [
        -0.7945119654137771,
        -0.3819567101810379,
        0.4720802986378643,
        0.022205935791134834
      ],
      [
        0.10936526930760099,
        0.6746929936146646,
        0.7299510957842021,
        -0.005519117694348097
      ],
      [
        -0.5973189890532633,
        0.6315840687627896,
        -0.49427885793489784,
        -0.3972570598125458
      ],
      [
        0.0,
        0.0,
        0.0,
        1.0
      ]
    ],
    [
      [
        -0.8207954693094689,
        -0.3913385752600023,
        0.416111664189458,
        0.020890485495328903
      ],
      [
        0.08195743610954692,
        0.6402415916550034,
        0.7637890304144315,
        -0.003944322932511568
      ],
      [
        -0.5653121051484731,
        0.6610180208046823,
        -0.49343429141483713,
        -0.39860230684280396
      ],
      [
        0.0,
        0.0,
        0.0,
        1.0
      ]
    ],
    [
      [
        -0.8342770391847476,
        -0.42415348737620484,
        0.3522437239124852,
        0.020395120605826378
      ],
      [
        0.054953004698821833,
        0.5717288017127233,
        0.8186002348928964,
        -0.002251857426017523
      ],
      [
        -0.5486000265801149,
        0.7022962312576776,
        -0.45367170332472817,
        -0.39462369680404663
      ],
      [
        0.0,
        0.0,
        0.0,
        1.0
      ]
    ],
    [
      [
        -0.8439988938202972,
        -0.4469493685267664,
        0.29648293239854384,
        0.018496103584766388
      ],
      [
        0.022590631021734198,
        0.5226697668736932,
        0.8522358700419969,
        -0.0015584038337692618
      ],
      [
        -0.5358689491099057,
        0.7259838681194811,
        -0.43103583680492435,
        -0.39803099632263184
      ],
      [
        0.0,
        0.0,
        0.0,
        1.0
      ]
    ],
    [
      [
        -0.8517962418440398,
        -0.46175766091601617,
        0.2474328696146478,
        0.016813119873404503
      ],
      [
        0.006013431929727198,
        0.46366501547217526,
        0.8859901760536705,
        -0.0010103515814989805
      ],
      [
        -0.5238387166073126,
        0.7561710229918605,
        -0.39217136939180897,
        -0.39003652334213257
      ],
      [
        0.0,
        0.0,
        0.0,
        1.0
      ]
    ],
    [
      [
        -0.8685727710913205,
        -0.4834499768030922,
        0.10889197053885077,
        0.014133083634078503
      ],
      [
        -0.06900822015905486,
        0.3355884603362615,
        0.9394776478658854,
        -0.005010651424527168
      ],
      [
        -0.49073333580390044,
        0.8084902629087297,
        -0.32484502137565413,
        -0.39217594265937805
      ],
      [
        0.0,
        0.0,
        0.0,
        1.0
      ]
    ],
    [
      [
        -0.8683277337093199,
        -0.4892724289285373,
        0.08135992355948668,
        0.013412739150226116
      ],
      [
        -0.08320130678864024,
        0.3053976446640684,
        0.9485830597171244,
        -0.00487459497526288
      ],
      [
        -0.4889626666933771,
        0.81691172651885,
        -0.30589335013382113,
        -0.3917772173881531
      ],
      [
        0.0,
        0.0,
        0.0,
        1.0
      ]
    ],
    [
      [
        -0.8723440166605135,
        -0.4834051592678354,
        0.07304360745363439,
        0.013487499207258224
      ],
      [
        -0.09181913524758761,
        0.3087440513903489,
        0.946702887464414,
        -0.005804520100355148
      ],
      [
        -0.48019283938745605,
        0.819143798563056,
        -0.313716869608092,
        -0.39164525270462036
      ],
      [
        0.0,
        0.0,
        0.0,
        1.0
      ]
    ],
    [
      [
        -0.8876052604395145,
        -0.4573034291444563,
        0.05504975324942846,
        0.014015491120517254
      ],
      [
        -0.08939036777252399,
        0.2882682106770996,
        0.9533681350152816,
        -0.004525316413491964
      ],
      [
        -0.45184761124697187,
        0.8412936540862201,
        -0.29674690192933917,
        -0.3844417333602905
      ],
      [
        0.0,
        0.0,
        0.0,
        1.0
      ]
    ],
    [
      [
        -0.8910018693097185,
        -0.4499787863563176,
        0.06028897673607242,
        0.014404787681996822
      ],
      [
        -0.08803794980464305,
        0.301524100748689,
        0.9493853464541622,
        -0.004485846497118473
      ],
      [
        -0.4453818454773189,
        0.8405964004782496,
        -0.3082737472154055,
        -0.38353750109672546
      ],
      [
        0.0,
        0.0,
        0.0,
        1.0
      ]
    ],
    [
      [
        -0.8905298163005037,
        -0.4516298410750138,
        0.05465466979452971,
        0.015024574473500252
      ],
      [
        -0.08786874574321205,
        0.28863765999545465,
        0.9533978103362013,
        -0.003967274911701679
      ],
      [
        -0.446358297560722,
        0.8442267396161449,
        -0.29672459000862705,
        -0.3784112334251404
      ],
      [
        0.0,
        0.0,
        0.0,
        1.0
      ]
    ],
    [
      [
        -0.8898116621021471,
        -0.45127725806484686,
        0.06770555620100416,
        0.0157607514411211
      ],
      [
        -0.07488770918459717,
        0.2907690236601538,
        0.9538580638086589,
        -0.005462710279971361
      ],
      [
        -0.4501411300915491,
        0.8436837151641567,
        -0.29252478829444273,
        -0.37125325202941895
      ],
      [
        0.0,
        0.0,
        0.0,
        1.0
      ]
    ],
    [
      [
        -0.8874608084191855,
        -0.45586175511033655,
        0.06784816687051684,
        0.01633593812584877
      ],
      [
        -0.07847812542163882,
        0.2945318279789361,
        0.9524138733437749,
        -0.006586024537682533
      ],
      [
        -0.45415250450732014,
        0.8399053890380214,
        -0.29716063015584454,
        -0.368266224861145
      ],
      [
        0.0,
        0.0,
        0.0,
        1.0
      ]
    ],
    [
      [
        -0.8871265763260594,
        -0.45503325285427665,
        0.07714386801852544,
        0.016194811090826988
      ],
      [
        -0.07385979112750837,
        0.30496812173260424,
        0.9494941684820859,
        -0.009054102003574371
      ],
      [
        -0.4555778405833679,
        0.8366236809484553,
        -0.3041539867331218,
        -0.3637596368789673
      ],
      [
        0.0,
        0.0,
        0.0,
        1.0
      ]
    ],
    [
      [
        -0.8847909747848242,
        -0.4587212213308036,
        0.08197421570285027,
        0.016772180795669556
      ],
      [
        -0.0710248075130244,
        0.3066141538487408,
        0.9491802976133455,
        -0.010920394212007523
      ],
      [
        -0.46054360016947304,
        0.834003957880535,
        -0.3038700225138111,
        -0.36037641763687134
      ],
      [
        0.0,
        0.0,
        0.0,
        1.0
      ]
    ],
    [
      [
        -0.8890782863477421,
        -0.45096220845296664,
        0.07856772423957256,
        0.01809513010084629
      ],
      [
        -0.06763361944732318,
        0.29916572968145455,
        0.951801218587483,
        -0.010919190011918545
      ],
      [
        -0.45273115009397913,
        0.8409119768033905,
        -0.29648196067079186,
        -0.3574286103248596
      ],
      [
        0.0,
        0.0,
        0.0,
        1.0
      ]
    ],
    [
      [
        -0.8855178156726745,
        -0.45356739258555606,
        0.10067183573093053,
        0.019542016088962555
      ],
      [
        -0.05297472970614264,
        0.3138380800133399,
        0.9479975408966531,
        -0.012027752585709095
      ],
      [
        -0.4615754284392276,
        0.834135648391004,
        -0.3019368211140585,
        -0.3542022109031677
      ],
      [
        0.0,
        0.0,
        0.0,
        1.0
      ]
    ],
    [
      [
        -0.8859084140788953,
        -0.45814869163839533,
        0.07256761133069523,
        0.022212684154510498
      ],
      [
        -0.07426951771989487,
        0.29452247495885886,
        0.9527541920567771,
        -0.009449474513530731
      ],
      [
        -0.4578758790347779,
        0.8386633937964233,
        -0.2949464210733783,
        -0.3453060984611511
      ],
      [
        0.0,
        0.0,
        0.0,
        1.0
      ]
    ],
    [
      [
        -0.887967461057218,
        -0.4497821457140313,
        0.09596775239881408,
        0.024171529337763786
      ],
      [
        -0.06242100040954071,
        0.3246038973314028,
        0.943788073957886,
        -0.011622274294495583
      ],
      [
        -0.45565053145088097,
        0.8320626966966768,
        -0.31631355006446327,
        -0.3475710153579712
      ],
      [
        0.0,
        0.0,
        0.0,
        1.0
      ]
    ],
    [
      [
        -0.8831890801949803,
        -0.46437503612569114,
        0.06582457328086236,
        0.026206256821751595
      ],
      [
        -0.07799294507295768,
        0.28380381461949006,
        0.9557052345395377,
        -0.010581332258880138
      ],
      [
        -0.46248691780761886,
        0.8389345747021572,
        -0.2868704066754179,
        -0.33864715695381165
      ],
      [
        0.0,
        0.0,
        0.0,
        1.0
      ]
    ],
    [
      [
        -0.8662727013833503,
        -0.4932327089517485,
        0.079329071960491,
        0.039553649723529816
      ],
      [
        -0.07766680947543675,
        0.2898313856619533,
        0.9539211888783992,
        -0.01111998688429594
      ],
      [
        -0.4934971869665512,
        0.8201946492786893,
        -0.289380828236269,
        -0.33631041646003723
      ],
      [
        0.0,
        0.0,
        0.0,
        1.0
      ]
    ],
    [
      [
        -0.8724800065460792,
        -0.48578781715658836,
        0.05280942036787167,
        0.0421641543507576
      ],
      [
        -0.08882379223635736,
        0.263936909900168,
        0.960441378494858,
        -0.007061058655381203
      ],
      [
        -0.48050907599139686,
        0.8332751672134406,
        -0.2734291930195209,
        -0.33183252811431885
      ],
      [
        0.0,
        0.0,
        0.0,
        1.0
      ]
    ],
    [
      [
        -0.8781506860341433,
        -0.4762809858406648,
        0.04480842715838268,
        0.04386582970619202
      ],
      [
        -0.10263860941603006,
        0.27906624170521854,
        0.9547708356446944,
        -0.00659812381491065
      ],
      [
        -0.46724371421658234,
        0.8338335896731248,
        -0.29394702968038944,
        -0.34069642424583435
      ],
      [
        0.0,
        0.0,
        0.0,
        1.0
      ]
    ],
    [
      [
        -0.877176794071749,
        -0.4792474523888253,
        0.029711131261349916,
        0.047692831605672836
      ],
      [
        -0.11518046373593732,
        0.2700801119463854,
        0.9559237385401633,
        -0.005480704363435507
      ],
      [
        -0.4661484020304939,
        0.8350919784729396,
        -0.2921079505500808,
        -0.33981361985206604
      ],
      [
        0.0,
        0.0,
        0.0,
        1.0
      ]
    ],
    [
      [
        -0.8779762685343273,
        -0.4775977793322427,
        0.03252742023968924,
        0.049621254205703735
      ],
      [
        -0.10962281836529128,
        0.26673435739164186,
        0.9575153368382766,
        -0.005209243390709162
      ],
      [
        -0.46598337908576665,
        0.8371099950208326,
        -0.2865420504080203,
        -0.33578982949256897
      ],
      [
        0.0,
        0.0,
        0.0,
        1.0
      ]
    ],
    [
      [
        -0.8730541039726203,
        -0.4858788890382724,
        0.041209667840191394,
        0.05169156938791275
      ],
      [
        -0.10359615333037625,
        0.26739983281957425,
        0.958000608780189,
        -0.005456870887428522
      ],
      [
        -0.47649172978312426,
        0.8321172000355465,
        -0.28378970533352366,
        -0.3336109220981598
      ],
      [
        0.0,
        0.0,
        0.0,
        1.0
      ]
    ],
    [
      [
        -0.8788876421080614,
        -0.4699249928845902,
        0.08201837362536438,
        0.053930751979351044
      ],
      [
        -0.07405683967134294,
        0.3042632290681563,
        0.9497049394074516,
        -0.006417520809918642
      ],
      [
        -0.47124526209567885,
        0.8286099133485166,
        -0.3022143518315079,
        -0.33373209834098816
      ],
      [
        0.0,
        0.0,
        0.0,
        1.0
      ]
    ],
    [
      [
        -0.8865100367390307,
        -0.4499600655398188,
        0.1078698019853761,
        0.054467059671878815
      ],
      [
        -0.05309542108578105,
        0.33050975344519584,
        0.9423079003899518,
        -0.005051900167018175
      ],
      [
        -0.45965294627652054,
        0.8296380188353217,
        -0.3168910328209309,
        -0.33552947640419006
      ],
      [
        0.0,
        0.0,
        0.0,
        1.0
      ]
    ],
    [
      [
        -0.8771467093378137,
        -0.4236064926425772,
        0.226210498626609,
        0.056418996304273605
      ],
      [
        0.013599281857980844,
        0.4489534177270714,
        0.8934516709056671,
        -0.00719337398186326
      ],
      [
        -0.48002990514216104,
        0.7867644934173349,
        -0.3880372689149485,
        -0.3411930203437805
      ],
      [
        0.0,
        0.0,
        0.0,
        1.0
      ]
    ],
    [
      [
        -0.8694255304557171,
        -0.3747072555508951,
        0.3220150922384082,
        0.05746312066912651
      ],
      [
        0.08055411155690684,
        0.5355373012897701,
        0.8406609507039964,
        -0.007716514635831118
      ],
      [
        -0.4874528511590345,
        0.7568317326624101,
        -0.4354255921878525,
        -0.33897864818573
      ],
      [
        0.0,
        0.0,
        0.0,
        1.0
      ]
    ],
    [
      [
        -0.8493238954509365,
        -0.34816611399776176,
        0.39677358490673825,
        0.05686282739043236
      ],
      [
        0.1259794259912077,
        0.5962369385821408,
        0.7928623444817661,
        -0.007926332764327526
      ],
      [
        -0.5126188689884258,
        0.7233822434466403,
        -0.462536512097297,
        -0.3337065875530243
      ],
      [
        0.0,
        0.0,
        0.0,
        1.0
      ]
    ],
    [
      [
        -0.8018857942468166,
        -0.2573600645098684,
        0.5392077245186947,
        0.05626465380191803
      ],
      [
        0.2224920075582544,
        0.7089413156172114,
        0.6692529548561105,
        -0.010007794015109539
      ],
      [
        -0.554505617246435,
        0.6566338463759035,
        -0.5112294125299681,
        -0.33050721883773804
      ],
      [
        0.0,
        0.0,
        0.0,
        1.0
      ]
    ],
    [
      [
        -0.7442515792317639,
        -0.12695119187184087,
        0.6557232508408893,
        0.05460088700056076
      ],
      [
        0.3124777345893228,
        0.8015107695778916,
        0.5098413004421868,
        -0.012070480734109879
      ],
      [
        -0.5902942081682231,
        0.5843491089519813,
        -0.5568562351900851,
        -0.33374732732772827
      ],
      [
        0.0,
        0.0,
        0.0,
        1.0
      ]
    ],
    [
      [
        -0.7065684597692263,
        -0.06860206674471286,
        0.7043115561295992,
        0.052637435495853424
      ],
      [
        0.3482520709494096,
        0.8327126039060397,
        0.4304767291915682,
        -0.01268250122666359
      ],
      [
        -0.616020703173839,
        0.5494392375271148,
        -0.5644776501570563,
        -0.3340884745121002
      ],
      [
        0.0,
        0.0,
        0.0,
        1.0
      ]
    ],
    [
      [
        -0.6786370597017347,
        -0.001824504658773457,
        0.7344715191088995,
        0.0496644526720047
      ],
      [
        0.3767851324289756,
        0.8575210766151432,
        0.3502721329784676,
        -0.012961088679730892
      ],
      [
        -0.6304638809478809,
        0.5144455990127198,
        -0.5812581358368935,
        -0.3393841087818146
      ],
      [
        0.0,
        0.0,
        0.0,
        1.0
      ]
    ],
    [
      [
        -0.49111373920784657,
        0.255993075147533,
        0.8326312753180706,
        0.03287952393293381
      ],
      [
        0.4609095877169098,
        0.8874465501435373,
        -0.0009861992508042872,
        -0.016700370237231255
      ],
      [
        -0.7391682130015572,
        0.3832834018253903,
        -0.5538268563127297,
        -0.3378787934780121
      ],
      [
        0.0,
        0.0,
        0.0,
        1.0
      ]
    ],
    [
      [
        -0.4603119112892971,
        0.303368523294119,
        0.8343143792357526,
        0.029758062213659286
      ],
      [
        0.4620880962613274,
        0.8843290215431997,
        -0.06660910560898534,
        -0.01745426468551159
      ],
      [
        -0.7580155246555151,
        0.35486577847235745,
        -0.547250165509734,
        -0.3399845361709595
      ],
      [
        0.0,
        0.0,
        0.0,
        1.0
      ]
    ],
    [
      [
        -0.42207338549518836,
        0.3554031826242911,
        0.8339919873938564,
        0.02663833647966385
      ],
      [
        0.46748449390660146,
        0.873529410477544,
        -0.13566361703729873,
        -0.018698615953326225
      ],
      [
        -0.7767318103525298,
        0.3326183200175224,
        -0.5348389925717854,
        -0.33528244495391846
      ],
      [
        0.0,
        0.0,
        0.0,
        1.0
      ]
    ],
    [
      [
        -0.3901291922309785,
        0.4098403188472961,
        0.8245181177004852,
        0.023175112903118134
      ],
      [
        0.459233178885429,
        0.8627564873638282,
        -0.21155644854840158,
        -0.019848736003041267
      ],
      [
        -0.7980627173223844,
        0.29611172985678164,
        -0.5247987639669482,
        -0.33444541692733765
      ],
      [
        0.0,
        0.0,
        0.0,
        1.0
      ]
    ],
    [
      [
        -0.3600607779413371,
        0.47050120456790323,
        0.8055959611917326,
        0.0198955237865448
      ],
      [
        0.44234486794533234,
        0.8463758364115547,
        -0.29661247671173263,
        -0.02053813822567463
      ],
      [
        -0.8213934830461621,
        0.24955271995871683,
        -0.5128705352918032,
        -0.3390093743801117
      ],
      [
        0.0,
        0.0,
        0.0,
        1.0
      ]
    ],
    [
      [
        -0.33226325650649446,
        0.5184524422487737,
        0.7879138236520421,
        0.01713203452527523
      ],
      [
        0.4220442231854446,
        0.8288006264228522,
        -0.36738017817634394,
        -0.021107515320181847
      ],
      [
        -0.8434926212193524,
        0.21046754326349126,
        -0.49418985337735977,
        -0.33916398882865906
      ],
      [
        0.0,
        0.0,
        0.0,
        1.0
      ]
    ],
    [
      [
        -0.3218875817678298,
        0.5404379574730915,
        0.7773771277996104,
        0.015695417299866676
      ],
      [
        0.41117218411971773,
        0.8194006923452808,
        -0.39939947469957376,
        -0.02120661363005638
      ],
      [
        -0.8528339930548499,
        0.19107412045169142,
        -0.48596796271331805,
        -0.33880433440208435
      ],
      [
        0.0,
        0.0,
        0.0,
        1.0
      ]
    ],
    [
      [
        -0.2907042784604347,
        0.5722080753766231,
        0.7668565321874612,
        0.013656210154294968
      ],
      [
        0.3808875545211828,
        0.8044356305876214,
        -0.4558596133152935,
        -0.020329590886831284
      ],
      [
        -0.8777332700175327,
        0.1595657692454016,
        -0.4517998140653138,
        -0.33405762910842896
      ],
      [
        0.0,
        0.0,
        0.0,
        1.0
      ]
    ],
    [
      [
        -0.27223516771181233,
        0.6093466321859897,
        0.7447044348629284,
        0.01147346943616867
      ],
      [
        0.3342206685058898,
        0.7856300070138272,
        -0.5206553916199562,
        -0.018909962847828865
      ],
      [
        -0.9023217597976885,
        0.1071549062014707,
        -0.41753235547985557,
        -0.33028823137283325
      ],
      [
        0.0,
        0.0,
        0.0,
        1.0
      ]
    ],
    [
      [
        -0.27790190803999515,
        0.6215519384623389,
        0.7324231818432834,
        0.009805681183934212
      ],
      [
        0.32153647915639366,
        0.7786634824026815,
        -0.5387926073585637,
        -0.017467105761170387
      ],
      [
        -0.9051987748994363,
        0.08576927751962357,
        -0.41624368938678424,
        -0.33163130283355713
      ],
      [
        0.0,
        0.0,
        0.0,
        1.0
      ]
    ],
    [
      [
        -0.2916673338611936,
        0.6172488493156132,
        0.7307078926471605,
        0.008527601137757301
      ],
      [
        0.3352335580837674,
        0.7814342636503396,
        -0.5262878994692435,
        -0.014947213232517242
      ],
      [
        -0.895850784390347,
        0.09145681829039706,
        -0.43484137624586383,
        -0.33106178045272827
      ],
      [
        0.0,
        0.0,
        0.0,
        1.0
      ]
    ],
    [
      [
        -0.3579169033906902,
        0.6116054695394058,
        0.7055736955816188,
        0.008463562466204166
      ],
      [
        0.3499403510909268,
        0.7884187750642753,
        -0.5059027434245706,
        -0.011959843337535858
      ],
      [
        -0.8657004337214915,
        0.06583756340897723,
        -0.49621383928583723,
        -0.3333302438259125
      ],
      [
        0.0,
        0.0,
        0.0,
        1.0
      ]
    ],
    [
      [
        -0.40072950596437307,
        0.5728704071174644,
        0.715007244507788,
        0.008934241719543934
      ],
      [
        0.33811750093516046,
        0.8177899312988898,
        -0.4657211438484606,
        -0.0067236474715173244
      ],
      [
        -0.8515235866439115,
        0.05512825877195221,
        -0.5214100655663079,
        -0.3399590849876404
      ],
      [
        0.0,
        0.0,
        0.0,
        1.0
      ]
    ],
    [
      [
        -0.40191763455223734,
        0.5932778568187154,
        0.6974837629970507,
        0.007835331372916698
      ],
      [
        0.35885192663617294,
        0.80283729941071,
        -0.4761066744170098,
        -0.006860645022243261
      ],
      [
        -0.8424295280825815,
        0.058937723772722744,
        -0.5355733702594345,
        -0.34079134464263916
      ],
      [
        0.0,
        0.0,
        0.0,
        1.0
      ]
    ],
    [
      [
        -0.4129120269881356,
        0.581864757813429,
        0.7006690100063426,
        0.0065017202869057655
      ],
      [
        0.4049402512014658,
        0.8063800350055532,
        -0.4310158142125833,
        -0.00914119090884924
      ],
      [
        -0.8157984131667837,
        0.10575747141059136,
        -0.5685844759711569,
        -0.33587217330932617
      ],
      [
        0.0,
        0.0,
        0.0,
        1.0
      ]
    ],
    [
      [
        -0.4315492907869184,
        0.5984008703569947,
        0.6750419305326881,
        0.005552465096116066
      ],
      [
        0.41990734566593524,
        0.7955492807528551,
        -0.4367827411304198,
        -0.008898465894162655
      ],
      [
        -0.7984002947626562,
        0.09496178310039091,
        -0.5945916490107288,
        -0.33605238795280457
      ],
      [
        0.0,
        0.0,
        0.0,
        1.0
      ]
    ],
    [
      [
        -0.4837509589250524,
        0.7132570569886468,
        0.5071975753047195,
        0.012950221076607704
      ],
      [
        0.49181804191255074,
        0.7009023986300873,
        -0.5165760749820829,
        -0.008412611670792103
      ],
      [
        -0.7239475280629093,
        -0.00044525328116179486,
        -0.6898548965986389,
        -0.3481736183166504
      ],
      [
        0.0,
        0.0,
        0.0,
        1.0
      ]
    ],
    [
      [
        -0.5277162102664796,
        0.674063827554309,
        0.5168689948186282,
        0.015184509567916393
      ],
      [
        0.5062177809957239,
        0.7382027847213433,
        -0.44587016813576946,
        -0.00688275508582592
      ],
      [
        -0.682099083437113,
        0.026355360223089985,
        -0.7307846709953358,
        -0.3512396514415741
      ],
      [
        0.0,
        0.0,
        0.0,
        1.0
      ]
    ],
    [
      [
        -0.5630396074743726,
        0.6602578594700264,
        0.49703718112749234,
        0.01639563776552677
      ],
      [
        0.5279485794527172,
        0.7500701472702711,
        -0.3983278444043451,
        -0.006614483427256346
      ],
      [
        -0.6358118415608212,
        0.03813572055190692,
        -0.7709014002769905,
        -0.3502107262611389
      ],
      [
        0.0,
        0.0,
        0.0,
        1.0
      ]
    ],
    [
      [
        -0.6076709073083253,
        0.5433800376274053,
        0.5792013493761183,
        0.02549833431839943
      ],
      [
        0.4408358014099796,
        0.8374121159032433,
        -0.3231172300167141,
        -0.014047108590602875
      ],
      [
        -0.6606056801196141,
        0.05898375069875322,
        -0.7484123546195703,
        -0.35182756185531616
      ],
      [
        0.0,
        0.0,
        0.0,
        1.0
      ]
    ],
    [
      [
        -0.6136202246095632,
        0.42893393904202837,
        0.6629373242532048,
        0.03348205238580704
      ],
      [
        0.33445058366205527,
        0.9017403948069906,
        -0.2738741818088072,
        -0.016061853617429733
      ],
      [
        -0.7152712961095391,
        0.05366503807156492,
        -0.6967833498660525,
        -0.34276407957077026
      ],
      [
        0.0,
        0.0,
        0.0,
        1.0
      ]
    ],
    [
      [
        -0.61936404328126,
        0.29498880776946834,
        0.7275780268679348,
        0.041867293417453766
      ],
      [
        0.2262900019384515,
        0.9544745394067852,
        -0.19434811202299143,
        -0.015525001101195812
      ],
      [
        -0.7517852199351789,
        0.04427140064368046,
        -0.6579202278179793,
        -0.33826300501823425
