{
  "object_poses": [
    [
      [
        -0.10777059389955272,
        0.6584955588868434,
        0.7448282339015091,
        0.09983893483877182
      ],
      [
        -0.33091001656475927,
        0.6827135196246082,
        -0.6514605214891307,
        0.019940277561545372
      ],
      [
        -0.93748816527338,
        -0.31667941052124476,
        0.14432633482586782,
        -0.5464398860931396
      ],
      [
        0.0,
        0.0,
        0.0,
        1.0
      ]
    ],
    [
      [
        -0.09421306553459459,
        0.6947348550664002,
        0.7130689864511299,
        0.10175435245037079
      ],
      [
        -0.32357118280478014,
        0.6559996976989417,
        -0.6818842176478439,
        0.01591942086815834
      ],
      [
        -0.9415017726700727,
        -0.29497097785166,
        0.16299243627955803,
        -0.5353935956954956
      ],
      [
        0.0,
        0.0,
        0.0,
        1.0
      ]
    ],
    [
      [
        -0.05894746072090544,
        0.722131605326101,
        0.6892395385232232,
        0.10080397874116898
      ],
      [
        -0.3347164787390874,
        0.6361738272714489,
        -0.6951602263905082,
        0.012064766138792038
      ],
      [
        -0.9404733253713596,
        -0.2716777614821372,
        0.20420851642620513,
        -0.5278254747390747
      ],
      [
        0.0,
        0.0,
        0.0,
        1.0
      ]
    ],
    [
      [
        -0.04236056318677772,
        0.7417079348853131,
        0.6693839869720988,
        0.1008571982383728
      ],
      [
        -0.3565742157279268,
        0.61463986271207,
        -0.703614004865808,
        0.009188372641801834
      ],
      [
        -0.9333061723595921,
        -0.2684905556876287,
        0.2384374344393837,
        -0.5305613279342651
      ],
      [
        0.0,
        0.0,
        0.0,
        1.0
      ]
    ],
    [
      [
        -0.03445394094464852,
        0.7224782254191469,
        0.6905346767169502,
        0.10072929412126541
      ],
      [
        -0.3419314705595271,
        0.6407254844485863,
        -0.6874254308789596,
        0.0057840533554553986
      ],
      [
        -0.9390930706774392,
        -0.2598000526815277,
        0.22496252406188347,
        -0.5295873284339905
      ],
      [
        0.0,
        0.0,
        0.0,
        1.0
      ]
    ],
    [
      [
        -0.04463382379171142,
        0.6401422104386748,
        0.7669587812838563,
        0.09978803992271423
      ],
      [
        -0.31399874443708775,
        0.719825962209129,
        -0.6190762252111078,
        0.001225620973855257
      ],
      [
        -0.948373665949062,
        -0.2684558335078403,
        0.1688752651809845,
        -0.528449296951294
      ],
      [
        0.0,
        0.0,
        0.0,
        1.0
      ]
    ],
    [
      [
        -0.06189420820238949,
        0.5082332154635808,
        0.8589924945484383,
        0.09647571295499802
      ],
      [
        -0.27877856591456807,
        0.8175856607010742,
        -0.5038215940217377,
        -0.0011945974547415972
      ],
      [
        -0.9583588149423033,
        -0.27065233439883224,
        0.09108070985036631,
        -0.5297447443008423
      ],
      [
        0.0,
        0.0,
        0.0,
        1.0
      ]
    ],
    [
      [
        -0.09613825831840955,
        0.41076901965493084,
        0.9066566316854637,
        0.09406356513500214
      ],
      [
        -0.2660256170795474,
        0.8671377890116158,
        -0.42107294608594037,
        -0.000740058661904186
      ],
      [
        -0.9591599482593868,
        -0.2816751095850931,
        0.025909965173210477,
        -0.52715665102005
      ],
      [
        0.0,
        0.0,
        0.0,
        1.0
      ]
    ],
    [
      [
        -0.10704552962558268,
        0.3170794071510947,
        0.9423385294828441,
        0.09258845448493958
      ],
      [
        -0.2348398133614412,
        0.912903700009171,
        -0.3338519081418126,
        0.0006941449246369302
      ],
      [
        -0.9661218953359572,
        -0.25703595871059776,
        -0.023259391268516276,
        -0.5193157196044922
      ],
      [
        0.0,
        0.0,
        0.0,
        1.0
      ]
    ],
    [
      [
        -0.09476721067814915,
        0.14966079035589075,
        0.9841853603922043,
        0.09401669353246689
      ],
      [
        -0.19216824705602858,
        0.9672897793060531,
        -0.16559543373372376,
        0.0011974044609814882
      ],
      [
        -0.9767755835419393,
        -0.20482219284075898,
        -0.06290730256660586,
        -0.5165726542472839
      ],
      [
        0.0,
        0.0,
        0.0,
        1.0
      ]
    ],
    [
      [
        -0.17155148971330145,
        -0.12667933480775326,
        0.9769966389449923,
        0.09186030179262161
      ],
      [
        -0.13200215643998534,
        0.985711814531738,
        0.10463101541962598,
        -0.00027154223062098026
      ],
      [
        -0.9762917171994957,
        -0.11101605660990453,
        -0.18582227558192757,
        -0.5129707455635071
      ],
      [
        0.0,
        0.0,
        0.0,
        1.0
      ]
    ],
    [
      [
        -0.1771795221167743,
        -0.27073088293303565,
        0.9462093880155545,
        0.09044928103685379
      ],
      [
        -0.09616859255958415,
        0.9615820772486501,
        0.25712158703477184,
        -0.001624947297386825
      ],
      [
        -0.979468743119238,
        -0.045438945195393876,
        -0.1964084608970545,
        -0.5073434114456177
      ],
      [
        0.0,
        0.0,
        0.0,
        1.0
      ]
    ],
    [
      [
        -0.21390454880390972,
        -0.36753352935462447,
        0.9050767640377967,
        0.08828316628932953
      ],
      [
        -0.09634349214326324,
        0.9299417177475426,
        0.35486100534489695,
        -0.002848154865205288
      ],
      [
        -0.972091958367436,
        -0.011291872868723657,
        -0.23432822724648386,
        -0.5081509947776794
      ],
      [
        0.0,
        0.0,
        0.0,
        1.0
      ]
    ],
    [
      [
        -0.21623368644639918,
        -0.3988862872728901,
        0.8911412473179824,
        0.08690673857927322
      ],
      [
        -0.10484923586171235,
        0.9169438153400522,
        0.38499438599652713,
        -0.003285293933004141
      ],
      [
        -0.9706954365737047,
        -0.010186723480946652,
        -0.24009706387148388,
        -0.5080135464668274
      ],
      [
        0.0,
        0.0,
        0.0,
        1.0
      ]
    ],
    [
      [
        -0.2091558838353746,
        -0.4550043204005516,
        0.8655777750577214,
        0.08616282045841217
      ],
      [
        -0.10214901807861898,
        0.890478731243548,
        0.4434108786537092,
        -0.005184323061257601
      ],
      [
        -0.9725324644260556,
        0.00432407443421462,
        -0.232727110620293,
        -0.5083128213882446
      ],
      [
        0.0,
        0.0,
        0.0,
        1.0
      ]
    ],
    [
      [
        -0.2269999485600331,
        -0.5199701460018799,
        0.8234695322964448,
        0.08524022996425629
      ],
      [
        -0.0981049759897944,
        0.853450364520906,
        0.5118572935742679,
        -0.006379697937518358
      ],
      [
        -0.9689408841822001,
        0.035405120617166635,
        -0.24474484753371153,
        -0.5036076307296753
      ],
      [
        0.0,
        0.0,
        0.0,
        1.0
      ]
    ],
    [
      [
        -0.23935253736971565,
        -0.6495664429758081,
        0.7216465887222324,
        0.0809732973575592
      ],
      [
        -0.1319996111244261,
        0.758120039596974,
        0.6386157751140218,
        -0.006125053856521845
      ],
      [
        -0.9619181178861739,
        0.05759723709726544,
        -0.2672004729806484,
        -0.49705591797828674
      ],
      [
        0.0,
        0.0,
        0.0,
        1.0
      ]
    ],
    [
      [
        -0.2435143055069115,
        -0.732319942925562,
        0.6359310373043507,
        0.07629765570163727
      ],
      [
        -0.1530857897956957,
        0.6764704816003347,
        0.7203835287442646,
        -0.0035336024593561888
      ],
      [
        -0.9577397997243897,
        0.07807168959944527,
        -0.27683801636873,
        -0.4925168752670288
      ],
      [
        0.0,
        0.0,
        0.0,
        1.0
      ]
    ],
    [
      [
        -0.2164999564036177,
        -0.7949663288309351,
        0.5667065421382542,
        0.07112579792737961
      ],
      [
        -0.160859477078506,
        0.6015872621929019,
        0.7824429657178074,
        -0.003125364426523447
      ],
      [
        -0.9629392491280335,
        0.07823874994089475,
        -0.25812148398849893,
        -0.4884066581726074
      ],
      [
        0.0,
        0.0,
        0.0,
        1.0
      ]
    ],
    [
      [
        -0.21984616586186043,
        -0.8550133768619778,
        0.46970180832408653,
        0.06733585149049759
      ],
      [
        -0.17293087013726993,
        0.5080130230076012,
        0.8438114022743739,
        -0.004145471844822168
      ],
      [
        -0.9600846720521092,
        0.10428275908200763,
        -0.25954292255586153,
        -0.4878956377506256
      ],
      [
        0.0,
        0.0,
        0.0,
        1.0
      ]
    ],
    [
      [
        -0.22532191372051155,
        -0.8681317710798315,
        0.4422411822061816,
        0.06571824848651886
      ],
      [
        -0.15876340772403563,
        0.4805632982948358,
        0.8624691859422227,
        -0.006582977250218391
      ],
      [
        -0.9612617830566124,
        0.12412149037851378,
        -0.2461090003657699,
        -0.48545899987220764
      ],
      [
        0.0,
        0.0,
        0.0,
        1.0
      ]
    ],
    [
      [
        -0.21991007167796256,
        -0.8920710554190154,
        0.39477688946821266,
        0.06468037515878677
      ],
      [
        -0.14357341977112648,
        0.42987348408102116,
        0.8914008418322635,
        -0.008964775130152702
      ],
      [
        -0.9648970066850748,
        0.1393485549535699,
        -0.22261120080205898,
        -0.4828961193561554
      ],
      [
        0.0,
        0.0,
        0.0,
        1.0
      ]
    ],
    [
      [
        -0.21589898774356325,
        -0.9371031850999447,
        0.274272214354359,
        0.06377210468053818
      ],
      [
        -0.1550099654984023,
        0.31022954725395285,
        0.9379389844796897,
        -0.012196104042232037
      ],
      [
        -0.9640329546688167,
        0.15998515083015113,
        -0.21223857761105774,
        -0.48202624917030334
      ],
      [
        0.0,
        0.0,
        0.0,
        1.0
      ]
    ],
    [
      [
        -0.23182013015529013,
        -0.9560585932801802,
        0.17947532830422008,
        0.06377692520618439
      ],
      [
        -0.17164567562386585,
        0.22180939535783972,
        0.9598637164569856,
        -0.014530450105667114
      ],
      [
        -0.9574952685493601,
        0.19170956769580588,
        -0.21552320608109993,
        -0.4777482748031616
      ],
      [
        0.0,
        0.0,
        0.0,
        1.0
      ]
    ],
    [
      [
        -0.20990428585370371,
        -0.9580367307788942,
        0.1952071035048054,
        0.06226973608136177
      ],
      [
        -0.1738602214691492,
        0.2330471144513441,
        0.9567976096524284,
        -0.014945338480174541
      ],
      [
        -0.9621397061606726,
        0.1668971687129272,
        -0.21548206631797387,
        -0.4819628894329071
      ],
      [
        0.0,
        0.0,
        0.0,
        1.0
      ]
    ],
    [
      [
        -0.13161549863467742,
        -0.9114455000203747,
        0.3898005400352265,
        0.057466983795166016
      ],
      [
        -0.1479904662543709,
        0.40688057039924513,
        0.901413902338653,
        -0.009796940721571445
      ],
      [
        -0.9801919110138377,
        0.0609532765665135,
        -0.18843703367132209,
        -0.48563531041145325
      ],
      [
        0.0,
        0.0,
        0.0,
        1.0
      ]
    ],
    [
      [
        -0.07649587502192391,
        -0.8027657889320784,
        0.591367457022187,
        0.05614233762025833
      ],
      [
        -0.1185385504284352,
        0.5962209898928467,
        0.7940208708047412,
        -0.004821297246962786
      ],
      [
        -0.9899984813962877,
        -0.009360519828081393,
        -0.1407671392818387,
        -0.4888574182987213
      ],
      [
        0.0,
        0.0,
        0.0,
        1.0
      ]
    ],
    [
      [
        -0.041121756744602944,
        -0.6570588093650078,
        0.7527168937642331,
        0.056884948164224625
      ],
      [
        -0.11726694666705306,
        0.7513213198769841,
        0.649434167193021,
        -0.0025708938483148813
      ],
      [
        -0.9922486907734492,
        -0.061562937991494926,
        -0.10794693290793911,
        -0.49984729290008545
      ],
      [
        0.0,
        0.0,
        0.0,
        1.0
      ]
    ],
    [
      [
        -0.03435244269581707,
        -0.4767463542816682,
        0.8783694116714038,
        0.06308726966381073
      ],
      [
        -0.10506281299206266,
        0.8757409450942798,
        0.471210783420299,
        0.001266048289835453
      ],
      [
        -0.9938720818128584,
        -0.07609671980128396,
        -0.08017215369727447,
        -0.5064847469329834
      ],
      [
        0.0,
        0.0,
        0.0,
        1.0
      ]
    ],
    [
      [
        -0.03372444773121968,
        -0.27431757465445233,
        0.9610476210162133,
        0.06887471675872803
      ],
      [
        -0.1154305912470815,
        0.9562286180870745,
        0.2688914438126154,
        0.0025949147529900074
      ],
      [
        -0.9927428872722148,
        -0.10186607966827185,
        -0.06391292188160286,
        -0.5031325221061707
      ],
      [
        0.0,
        0.0,
        0.0,
        1.0
      ]
    ],
    [
      [
        -0.04906478651063255,
        -0.11329193366851364,
        0.9923495273794989,
        0.07463906705379486
      ],
      [
        -0.13908931890817178,
        0.9846403228254773,
        0.10553480957390407,
        0.004634089767932892
      ],
      [
        -0.9890636016406258,
        -0.13284717698087684,
        -0.06406886512093575,
        -0.5097043514251709
      ],
      [
        0.0,
        0.0,
        0.0,
        1.0
      ]
    ],
    [
      [
        -0.12167135194438543,
        -0.006735954627785763,
        0.9925475852730075,
        0.07983013242483139
      ],
      [
        -0.12757348860218626,
        0.9917891189758318,
        -0.008907776771533767,
        0.004646671935915947
      ],
      [
        -0.9843378927593378,
        -0.1277065792995648,
        -0.12153165218045299,
        -0.5080530643463135
      ],
      [
        0.0,
        0.0,
        0.0,
        1.0
      ]
    ],
    [
      [
        -0.19233151987166053,
        0.08735439210317272,
        0.9774342927502301,
        0.08443647623062134
      ],
      [
        -0.11233564883697864,
        0.9875227904310039,
        -0.11036050190053966,
        0.0028908122330904007
      ],
      [
        -0.9748791147953845,
        -0.13102651853594047,
        -0.18011874687582852,
        -0.5000469088554382
      ],
      [
        0.0,
        0.0,
        0.0,
        1.0
      ]
    ],
    [
      [
        -0.27792002748718037,
        0.22317787409418244,
        0.9343190540903712,
        0.08929156512022018
      ],
      [
        -0.07299548286603706,
        0.964918038361508,
        -0.25219999747369765,
        3.132247366011143e-05
      ],
      [
        -0.9578267681593988,
        -0.1382925007344225,
        -0.251879071059786,
        -0.4955500662326813
      ],
      [
        0.0,
        0.0,
        0.0,
        1.0
      ]
    ],
    [
      [
        -0.3534808427237625,
        0.33012390550132353,
        0.8752539636264735,
        0.09353996813297272
      ],
      [
        -0.020076998439545746,
        0.9327655255270275,
        -0.35992414273280837,
        -0.0035006890539079905
      ],
      [
        -0.9352262870348317,
        -0.1447987617517558,
        -0.3230868468913601,
        -0.498678982257843
      ],
      [
        0.0,
        0.0,
        0.0,
        1.0
      ]
    ],
    [
      [
        -0.4388409584948675,
        0.45546950837987454,
        0.7745748124509999,
        0.09288764744997025
      ],
      [
        0.1142862759637252,
        0.8833045447207971,
        -0.4546556151659507,
        -0.005704040639102459
      ],
      [
        -0.891267221586012,
        -0.11099823517417379,
        -0.4396841269759116,
        -0.4893020689487457
      ],
      [
        0.0,
        0.0,
        0.0,
        1.0
      ]
    ],
    [
      [
        -0.45913380592509595,
        0.5484804831545245,
        0.6988313872854562,
        0.0923941358923912
      ],
      [
        0.17105690553957015,
        0.8265091841432478,
        -0.5363041148397883,
        -0.004813331179320812
      ],
      [
        -0.8717428997840834,
        -0.12669541477670673,
        -0.4732996815449967,
        -0.48929035663604736
      ],
      [
        0.0,
        0.0,
        0.0,
        1.0
      ]
    ],
    [
      [
        -0.4827406031759843,
        0.6330137719701782,
        0.6051901143784275,
        0.09173271059989929
      ],
      [
        0.25117404605389715,
        0.7620869556811884,
        -0.5967705342671443,
        -0.006292806938290596
      ],
      [
        -0.8389714587721095,
        -0.1360773180095252,
        -0.5268869469716753,
        -0.49247419834136963
      ],
      [
        0.0,
        0.0,
        0.0,
        1.0
      ]
    ],
    [
      [
        -0.4923923430953398,
        0.7120900597353753,
        0.5004772994723649,
        0.09276696294546127
      ],
      [
        0.3612409956759085,
        0.6903480187416648,
        -0.6268369453554381,
        -0.008410459384322166
      ],
      [
        -0.79186786997842,
        -0.12785679428770266,
        -0.5971582006891579,
        -0.4851141571998596
      ],
      [
        0.0,
        0.0,
        0.0,
        1.0
      ]
    ],
    [
      [
        -0.48242587665165415,
        0.7855441933006847,
        0.3875378612580447,
        0.09410623461008072
      ],
      [
        0.4207765180630031,
        0.5958661501921619,
        -0.6840253305996403,
        -0.012309681624174118
      ],
      [
        -0.7682528199646639,
        -0.16692468788872583,
        -0.6179998003151728,
        -0.49057096242904663
      ],
      [
        0.0,
        0.0,
        0.0,
        1.0
      ]
    ],
    [
      [
        -0.4688824639963189,
        0.8500943380762871,
        0.2397683284493181,
        0.09656044095754623
      ],
      [
        0.46795137672204246,
        0.46931586044363777,
        -0.7488418605820544,
        -0.017152924090623856
      ],
      [
        -0.7491133051686414,
        -0.23891889734110033,
        -0.6178567928837773,
        -0.4918045401573181
      ],
      [
        0.0,
        0.0,
        0.0,
        1.0
      ]
    ],
    [
      [
        -0.4320042087241529,
        0.8893443652171807,
        0.14979640750388112,
        0.09784790128469467
      ],
      [
        0.49238933934532814,
        0.3717384477418568,
        -0.7869963563889902,
        -0.02022237330675125
      ],
      [
        -0.7555958590037999,
        -0.26622758408347746,
        -0.5984962584088434,
        -0.488264262676239
      ],
      [
        0.0,
        0.0,
        0.0,
        1.0
      ]
    ],
    [
      [
        -0.42680332674730703,
        0.9033474091035212,
        0.042454431375148205,
        0.10182978212833405
      ],
      [
        0.5190287789661168,
        0.28312789725034504,
        -0.8065033914395772,
        -0.021881001070141792
      ],
      [
        -0.7405727829743498,
        -0.3221832588210531,
        -0.5897032311706227,
        -0.5007347464561462
      ],
      [
        0.0,
        0.0,
        0.0,
        1.0
      ]
    ],
    [
      [
        -0.3971031151956918,
        0.9155096944208119,
        -0.06442914964042601,
        0.10330989956855774
      ],
      [
        0.5469190660724677,
        0.1796825409918989,
        -0.817675803499843,
        -0.021449588239192963
      ],
      [
        -0.7370133316760943,
        -0.35993913913911313,
        -0.5720622038270813,
        -0.49947962164878845
      ],
      [
        0.0,
        0.0,
        0.0,
        1.0
      ]
    ],
    [
      [
        -0.3907708616813231,
        0.9068556948602103,
        -0.1578318166924566,
        0.10427427291870117
      ],
      [
        0.5686320367701542,
        0.10298794302049719,
        -0.8161195319014445,
        -0.021660031750798225
      ],
      [
        -0.7238478710471298,
        -0.40866396010905076,
        -0.5559118880618816,
        -0.5025333762168884
      ],
      [
        0.0,
        0.0,
        0.0,
        1.0
      ]
    ],
    [
      [
        -0.3759124136241462,
        0.8874211509681722,
        -0.2667837290720585,
        0.10386190563440323
      ],
      [
        0.5805446346064043,
        0.0011395402827122925,
        -0.8142276270660808,
        -0.024621043354272842
      ],
      [
        -0.7222588071550151,
        -0.4609581350429438,
        -0.5156159551689086,
        -0.5037364959716797
      ],
      [
        0.0,
        0.0,
        0.0,
        1.0
      ]
    ],
    [
      [
        -0.36648629804349336,
        0.8628148433988748,
        -0.34819296281939816,
        0.10514077544212341
      ],
      [
        0.6036696159741969,
        -0.06426800513148809,
        -0.7946399299468814,
        -0.026170197874307632
      ],
      [
        -0.7080047938368365,
        -0.5014181583538775,
        -0.4973017618881563,
        -0.5102663636207581
      ],
      [
        0.0,
        0.0,
        0.0,
        1.0
      ]
    ],
    [
      [
        -0.36075440080005244,
        0.8345805024935734,
        -0.41633117486079485,
        0.10515177249908447
      ],
      [
        0.613149494191832,
        -0.12414038567572239,
        -0.7801518201072044,
        -0.02840600535273552
      ],
      [
        -0.7027830106623921,
        -0.5367164516780323,
        -0.46693842251676676,
        -0.5155279636383057
      ],
      [
        0.0,
        0.0,
        0.0,
        1.0
      ]
    ],
    [
      [
        -0.3481972000010755,
        0.8075166836009855,
        -0.47610452173601236,
        0.1037457287311554
      ],
      [
        0.615668144132244,
        -0.18599992960739758,
        -0.7657393567571159,
        -0.029918590560555458
      ],
      [
        -0.7069027133999201,
        -0.5597506872636328,
        -0.43239764325875024,
        -0.5163227915763855
      ],
      [
        0.0,
        0.0,
        0.0,
        1.0
      ]
    ],
    [
      [
        -0.3346265742021306,
        0.7678969408170679,
        -0.5462227971455736,
        0.10187850147485733
      ],
      [
        0.6181464453275185,
        -0.25864082529598953,
        -0.7422936720861648,
        -0.03277473896741867
      ],
      [
        -0.7112805550320488,
        -0.5860368689545037,
        -0.38812467102633763,
        -0.5155499577522278
      ],
      [
        0.0,
        0.0,
        0.0,
        1.0
      ]
    ],
    [
      [
        -0.3208190772476824,
        0.7339343588188094,
        -0.5986781076832264,
        0.10057540982961655
      ],
      [
        0.6158323840803832,
        -0.3185969324227476,
        -0.7205875861883042,
        -0.03583971783518791
      ],
      [
        -0.7196009966584378,
        -0.5998636108283601,
        -0.34976857207608664,
        -0.5150398015975952
      ],
      [
        0.0,
        0.0,
        0.0,
        1.0
      ]
    ],
    [
      [
        -0.3195264539669451,
        0.6796097425669885,
        -0.6603282842824024,
        0.09957711398601532
      ],
      [
        0.6051618408728585,
        -0.3898813423112238,
        -0.6940977490735518,
        -0.038827940821647644
      ],
      [
        -0.7291652704062931,
        -0.6213880725646654,
        -0.28669648011039023,
        -0.5153917670249939
      ],
      [
        0.0,
        0.0,
        0.0,
        1.0
      ]
    ],
    [
      [
        -0.3104998684147189,
        0.6380154401224614,
        -0.7046461025790066,
        0.10099362581968307
      ],
      [
        0.6015427511485274,
        -0.44209317789011165,
        -0.6653570023706693,
        -0.03994384780526161
      ],
      [
        -0.7360272754831189,
        -0.6304680168163678,
        -0.24652368956457932,
        -0.5158506035804749
      ],
      [
        0.0,
        0.0,
        0.0,
        1.0
      ]
    ],
    [
      [
        -0.3157523721214076,
        0.570884485045885,
        -0.7578861024148673,
        0.10055970400571823
      ],
      [
        0.5877425021802036,
        -0.5093804430538262,
        -0.6285621014388643,
        -0.040366627275943756
      ],
      [
        -0.7448887102317079,
        -0.6439118487558544,
        -0.1746949924902262,
        -0.5154995322227478
      ],
      [
        0.0,
        0.0,
        0.0,
        1.0
      ]
    ],
    [
      [
        -0.3223574407557764,
        0.5144413589840107,
        -0.794629327772434,
        0.1006283238530159
      ],
      [
        0.5667741001620343,
        -0.5674568674730279,
        -0.5972937492919331,
        -0.04091164097189903
      ],
      [
        -0.7581904772383404,
        -0.6429174066117535,
        -0.10864809478640172,
        -0.5131136775016785
      ],
      [
        0.0,
        0.0,
        0.0,
        1.0
      ]
    ],
    [
      [
        -0.3420899555538767,
        0.48219495046203514,
        -0.8065125492254055,
        0.10264153778553009
      ],
      [
        0.5700421337883821,
        -0.5758303846555832,
        -0.5860642744728528,
        -0.04186028614640236
      ],
      [
        -0.747011665247026,
        -0.6602328360936909,
        -0.07788564776996149,
        -0.5184174180030823
      ],
      [
        0.0,
        0.0,
        0.0,
        1.0
      ]
    ],
    [
      [
        -0.3899595767904248,
        0.39947520578412404,
        -0.8296692644862559,
        0.10340481996536255
      ],
      [
        0.5710317911755646,
        -0.6019281809737741,
        -0.5582160499452073,
        -0.044033221900463104
      ],
      [
        -0.7223947826059235,
        -0.6914492207771554,
        0.006614616421627528,
        -0.5183054804801941
      ],
      [
        0.0,
        0.0,
        0.0,
        1.0
      ]
    ],
    [
      [
        -0.42476605811549945,
        0.36658823418051206,
        -0.8277601478891297,
        0.10405827313661575
      ],
      [
        0.576387962168486,
        -0.5955677936201662,
        -0.5595318760085674,
        -0.04498506709933281
      ],
      [
        -0.6981050873187216,
        -0.7147811341682299,
        0.041679938782334225,
        -0.5226842761039734
      ],
      [
        0.0,
        0.0,
        0.0,
        1.0
      ]
    ],
    [
      [
        -0.43346185573685786,
        0.327985957491439,
        -0.8393664463805925,
        0.10199592262506485
      ],
      [
        0.5888648366712026,
        -0.6019717992545075,
        -0.5393219419182659,
        -0.04628245159983635
      ],
      [
        -0.6821649534777918,
        -0.7280488751386925,
        0.06779241591746982,
        -0.5209010243415833
      ],
      [
        0.0,
        0.0,
        0.0,
        1.0
      ]
    ],
    [
      [
        -0.4260047726307591,
        0.2995341442546152,
        -0.8536973879083093,
        0.09911849349737167
      ],
      [
        0.6005847273251045,
        -0.6120735567135712,
        -0.5144549994662588,
        -0.048333071172237396
      ],
      [
        -0.6766224345967585,
        -0.7318778980114469,
        0.08085062400934839,
        -0.5190030932426453
      ],
      [
        0.0,
        0.0,
        0.0,
        1.0
      ]
    ],
    [
      [
        -0.4216164437459869,
        0.2876571344107973,
        -0.8599377578555062,
        0.09765762090682983
      ],
      [
        0.601301039971068,
        -0.6211578704621528,
        -0.5025932344278374,
        -0.04776937514543533
      ],
      [
        -0.6787316359892906,
        -0.7289830402591624,
        0.08892183827277356,
        -0.5197643637657166
      ],
      [
        0.0,
        0.0,
        0.0,
        1.0
      ]
    ],
    [
      [
        -0.4173885038530158,
        0.3786296506940402,
        -0.8260910509542216,
        0.09902118146419525
      ],
      [
        0.5939967078560078,
        -0.574293776394385,
        -0.5633423199537748,
        -0.04561934247612953
      ],
      [
        -0.687717055123374,
        -0.72582797273871,
        0.01479885409242071,
        -0.5210354924201965
      ],
      [
        0.0,
        0.0,
        0.0,
        1.0
      ]
    ],
    [
      [
        -0.4129134032064657,
        0.5103014307746997,
        -0.7543838354589457,
        0.1028340756893158
      ],
      [
        0.5997669429278943,
        -0.47098415912607,
        -0.6468798466664711,
        -0.047989167273044586
      ],
      [
        -0.6854065476951495,
        -0.7195598457401606,
        -0.11158625710639097,
        -0.5267103910446167
      ],
      [
        0.0,
        0.0,
        0.0,
        1.0
      ]
    ],
    [
      [
        -0.39763424450777224,
        0.6205248706764797,
        -0.6758963622232858,
        0.10721801221370697
      ],
      [
        0.6244198020431775,
        -0.35673954182663675,
        -0.6948645984029406,
        -0.049924805760383606
      ],
      [
        -0.6722997236434743,
        -0.6983450323223178,
        -0.24561615871039216,
        -0.5288822650909424
      ],
      [
        0.0,
        0.0,
        0.0,
        1.0
      ]
    ],
    [
      [
        -0.38495357555042214,
        0.7187499447922411,
        -0.5789725913478945,
        0.11259150505065918
      ],
      [
        0.6230154784487906,
        -0.26045595468218763,
        -0.7375733246829191,
        -0.04743419960141182
      ],
      [
        -0.6809276454104138,
        -0.6446403745746466,
        -0.3475288897114731,
        -0.5325774550437927
      ],
      [
        0.0,
        0.0,
        0.0,
        1.0
      ]
    ],
    [
      [
        -0.3178533668156789,
        0.855479350092559,
        -0.4088084132807816,
        0.11390108615159988
      ],
      [
        0.6197179297981534,
        -0.13887049040089647,
        -0.7724407254815774,
        -0.04669293016195297
      ],
      [
        -0.717578514652319,
        -0.4988687888222988,
        -0.486015438899161,
        -0.5230525135993958
      ],
      [
        0.0,
        0.0,
        0.0,
        1.0
      ]
    ],
    [
      [
        -0.27137272630671994,
        0.9183150347674139,
        -0.28819149941832306,
        0.11508983373641968
      ],
      [
        0.6205302130521063,
        -0.061954078980360594,
        -0.781731377640173,
        -0.04894758388400078
      ],
      [
        -0.7357303161528452,
        -0.3909721077235798,
        -0.5530295768544535,
        -0.5178955793380737
      ],
      [
        0.0,
        0.0,
        0.0,
        1.0
      ]
    ],
    [
      [
        -0.22118552548073073,
        0.9631334594065246,
        -0.15313687566825085,
        0.11447864025831223
      ],
      [
        0.5954159416780469,
        0.009004206225728006,
        -0.8033671518464576,
        -0.04751824587583542
      ],
      [
        -0.7723709081221648,
        -0.26887332266676234,
        -0.5754566157797453,
        -0.505100429058075
      ],
      [
        0.0,
        0.0,
        0.0,
        1.0
      ]
    ],
    [
      [
        -0.16279849369766897,
        0.9866592211977732,
        -0.00048132647324539146,
        0.11347600817680359
      ],
      [
        0.5914880973310896,
        0.0972048906211389,
        -0.8004330327734981,
        -0.044071268290281296
      ],
      [
        -0.7897078454500863,
        -0.1305939909212374,
        -0.5994219952336137,
        -0.4981689751148224
      ],
      [
        0.0,
        0.0,
        0.0,
        1.0
      ]
    ],
    [
      [
        -0.12444082212057184,
        0.9871887874380592,
        0.09986380598860867,
        0.1116778701543808
      ],
      [
        0.5953462035550054,
        0.15480275482124362,
        -0.7884155027727421,
        -0.04178212583065033
      ],
      [
        -0.7937741364535619,
        -0.03865753556977225,
        -0.6069828788698026,
        -0.48959511518478394
      ],
      [
        0.0,
        0.0,
        0.0,
        1.0
      ]
    ],
    [
      [
        -0.09222113519972636,
        0.977739528996303,
        0.1884692963338081,
        0.10943938046693802
      ],
      [
        0.6103071876816378,
        0.2050578833381878,
        -0.7651642968310738,
        -0.04010019451379776
      ],
      [
        -0.78677849416885,
        0.04445984614176168,
        -0.6156321330100039,
        -0.48429009318351746
      ],
      [
        0.0,
        0.0,
        0.0,
        1.0
      ]
    ],
    [
      [
        -0.042997736004806275,
        0.9625504066575252,
        0.2676712710432215,
        0.10544871538877487
      ],
      [
        0.6234700175180268,
        0.2352000309962471,
        -0.7456313316079439,
        -0.03812337666749954
      ],
      [
        -0.780664032701989,
        0.13482455289299933,
        -0.61023438774185,
        -0.47852084040641785
      ],
      [
        0.0,
        0.0,
        0.0,
        1.0
      ]
    ],
    [
      [
        -0.0017095096847259406,
        0.9219684821417445,
        0.38726114640367115,
        0.0999525859951973
      ],
      [
        0.6630785033336904,
        0.29092945995664,
        -0.689700621825217,
        -0.03860286623239517
      ],
      [
        -0.748547911621822,
        0.25560549146406375,
        -0.6118348279887502,
        -0.4840966463088989
      ],
      [
        0.0,
        0.0,
        0.0,
        1.0
      ]
    ],
    [
      [
        0.009849985895999003,
        0.8610075987213693,
        0.5084966988308877,
        0.09272728115320206
      ],
      [
        0.678321990922481,
        0.3678747918503834,
        -0.6360404186464874,
        -0.038734856992959976
      ],
      [
        -0.7346987507875664,
        0.3511894822814301,
        -0.5804168270528438,
        -0.478577584028244
      ],
      [
        0.0,
        0.0,
        0.0,
        1.0
      ]
    ],
    [
      [
        0.025495182301571495,
        0.7845500450091504,
        0.6195411387111831,
        0.08833849430084229
      ],
      [
        0.6916140514269774,
        0.43364345513574637,
        -0.5776013830373798,
        -0.03948728367686272
      ],
      [
        -0.7218171510487761,
        0.4432094095279023,
        -0.531550016233427,
        -0.4723700284957886
      ],
      [
        0.0,
        0.0,
        0.0,
        1.0
      ]
    ],
    [
      [
        0.027044840766821343,
        0.705049057620494,
        0.7086426482624023,
        0.08536595106124878
      ],
      [
        0.6979302589744667,
        0.4941969560299193,
        -0.5183268488691242,
        -0.04002516344189644
      ],
      [
        -0.7156548960188361,
        0.5086012141149641,
        -0.4787095933914981,
        -0.48189306259155273
      ],
      [
        0.0,
        0.0,
        0.0,
        1.0
      ]
    ],
    [
      [
        0.029244663511272834,
        0.578053690068367,
        0.8154745128172042,
        0.08305680751800537
      ],
      [
        0.7060757506546655,
        0.5655219211637456,
        -0.42619478061177246,
        -0.041918300092220306
      ],
      [
        -0.707532178768968,
        0.5882507017264071,
        -0.39161119484103935,
        -0.48959553241729736
      ],
      [
        0.0,
        0.0,
        0.0,
        1.0
      ]
    ],
    [
      [
        0.041398833108446026,
        0.472272403855491,
        0.8804799334305209,
        0.08004185557365417
      ],
      [
        0.6982562146164187,
        0.6166397058851305,
        -0.3635845594568742,
        -0.0430920235812664
      ],
      [
        -0.7146498410877935,
        0.6298525618606751,
        -0.304238976711952,
        -0.48944205045700073
      ],
      [
        0.0,
        0.0,
        0.0,
        1.0
      ]
    ],
    [
      [
        0.05090357032752707,
        0.3808329577478538,
        0.9232416177907775,
        0.07795277237892151
      ],
      [
        0.6921103747968249,
        0.6530038338310573,
        -0.30752109212302775,
        -0.04538736492395401
      ],
      [
        -0.7199944830528281,
        0.6546390236572843,
        -0.23033821454228648,
        -0.4911860525608063
      ],
      [
        0.0,
        0.0,
        0.0,
        1.0
      ]
    ],
    [
      [
        0.07065833852480743,
        0.24934446500299895,
        0.9658337004729554,
        0.07422981411218643
      ],
      [
        0.6671709560945742,
        0.7079903339286977,
        -0.23158713782803933,
        -0.04813666269183159
      ],
      [
        -0.7415458951007454,
        0.660739755755547,
        -0.1163299644259155,
        -0.4910688102245331
      ],
      [
        0.0,
        0.0,
        0.0,
        1.0
      ]
    ],
    [
      [
        0.06453531287516046,
        0.10215820919133928,
        0.9926726014587708,
        0.07129977643489838
      ],
      [
        0.6577773484970326,
        0.7437046294494468,
        -0.11929955548816679,
        -0.05202452838420868
      ],
      [
        -0.7504426381785076,
        0.6606565858524982,
        -0.01920214502085904,
        -0.49197304248809814
      ],
      [
        0.0,
        0.0,
        0.0,
        1.0
      ]
    ],
    [
      [
        0.07175423793257846,
        -0.08628070215139899,
        0.9936835360289392,
        0.06891920417547226
      ],
      [
        0.6518082396589602,
        0.7581516947333415,
        0.01876236887094679,
        -0.05584235116839409
      ],
      [
        -0.7549816872291687,
        0.6463448369169691,
        0.11063906967872622,
        -0.4885469377040863
      ],
      [
        0.0,
        0.0,
        0.0,
        1.0
      ]
    ],
    [
      [
        0.08121931343712133,
        -0.23892622283496573,
        0.9676350981473434,
        0.06442088633775711
      ],
      [
        0.6564533606275711,
        0.7433508510440329,
        0.12844647746388374,
        -0.06032167747616768
      ],
      [
        -0.7499816054048063,
        0.62477497732698,
        0.21721836768676142,
        -0.49271851778030396
      ],
      [
        0.0,
        0.0,
        0.0,
        1.0
      ]
    ],
    [
      [
        0.09713400196324415,
        -0.4155320273446133,
        0.9043772000185982,
        0.05972752720117569
      ],
      [
        0.6452354176628232,
        0.7181412146650192,
        0.2606615652391673,
        -0.059954944998025894
      ],
      [
        -0.7577837695913566,
        0.5582170993890514,
        0.33787191137113975,
        -0.5015860199928284
      ],
      [
        0.0,
        0.0,
