{
  "object_poses": [
    [
      [
        -0.8950240651171445,
        0.1349238604039774,
        0.4251205414407416,
        0.002018413506448269
      ],
      [
        -0.0011835420414406383,
        0.9524251065034538,
        -0.30477043119390834,
        -0.03435347229242325
      ],
      [
        -0.44601628007217115,
        -0.27328001828815196,
        -0.8522837024811691,
        -0.409675270318985
      ],
      [
        0.0,
        0.0,
        0.0,
        1.0
      ]
    ],
    [
      [
        -0.8997553082008781,
        0.1895617270682598,
        0.39307344987322884,
        -0.002612159587442875
      ],
      [
        0.03735761541522796,
        0.9308802657746186,
        -0.3634093275658504,
        -0.03612895309925079
      ],
      [
        -0.43479281725303504,
        -0.31229518475678464,
        -0.8446460345274197,
        -0.4129282534122467
      ],
      [
        0.0,
        0.0,
        0.0,
        1.0
      ]
    ],
    [
      [
        -0.9015185199748773,
        0.22471503243999053,
        0.3698209192809414,
        -0.005862806923687458
      ],
      [
        0.06439010855480572,
        0.9147464623015934,
        -0.39886441759953944,
        -0.036194268614053726
      ],
      [
        -0.4279232081374027,
        -0.3357708502866404,
        -0.8391303021790951,
        -0.4133972227573395
      ],
      [
        0.0,
        0.0,
        0.0,
        1.0
      ]
    ],
    [
      [
        -0.9105548889023701,
        0.2521428235876025,
        0.32758783678467573,
        -0.011635713279247284
      ],
      [
        0.08995267137384842,
        0.8943088586915021,
        -0.4383151630717458,
        -0.034392233937978745
      ],
      [
        -0.4034827272742919,
        -0.36964261358665595,
        -0.8369982240196961,
        -0.423727422952652
      ],
      [
        0.0,
        0.0,
        0.0,
        1.0
      ]
    ],
    [
      [
        -0.9148630876853825,
        0.2788302266134197,
        0.2920260870495609,
        -0.01986742578446865
      ],
      [
        0.11460915470164432,
        0.8728428014953669,
        -0.47435238540171243,
        -0.033420514315366745
      ],
      [
        -0.3871566510462442,
        -0.4004986249719581,
        -0.8304881570174426,
        -0.4279369115829468
      ],
      [
        0.0,
        0.0,
        0.0,
        1.0
      ]
    ],
    [
      [
        -0.9168664584509889,
        0.2958565559510067,
        0.2680014844517662,
        -0.022930147126317024
      ],
      [
        0.12838589230631717,
        0.854230869943875,
        -0.5037923019376552,
        -0.03408277407288551
      ],
      [
        -0.37798539657538643,
        -0.42750265395169157,
        -0.8211994403553916,
        -0.42985019087791443
      ],
      [
        0.0,
        0.0,
        0.0,
        1.0
      ]
    ],
    [
      [
        -0.9161402428998997,
        0.31874044334492124,
        0.24308760790216422,
        -0.02712862938642502
      ],
      [
        0.1447188614216498,
        0.8285122188368821,
        -0.540947275052577,
        -0.036507852375507355
      ],
      [
        -0.3738228276712574,
        -0.46040420612139293,
        -0.8051611394606647,
        -0.4318085312843323
      ],
      [
        0.0,
        0.0,
        0.0,
        1.0
      ]
    ],
    [
      [
        -0.912181950487322,
        0.3504189750699769,
        0.2124397117208837,
        -0.03101104497909546
      ],
      [
        0.16714454549580737,
        0.7914943877652577,
        -0.5878769727137645,
        -0.03922107070684433
      ],
      [
        -0.37414808581114667,
        -0.5007426245557762,
        -0.7805575147526592,
        -0.4293193221092224
      ],
      [
        0.0,
        0.0,
        0.0,
        1.0
      ]
    ],
    [
      [
        -0.9063003539507448,
        0.39612928026385935,
        0.1473134812106194,
        -0.037260618060827255
      ],
      [
        0.20345954829473628,
        0.7144502497411438,
        -0.6694513073051087,
        -0.04367624223232269
      ],
      [
        -0.3704374179756368,
        -0.5767516224185711,
        -0.7281027986494005,
        -0.4328332841396332
      ],
      [
        0.0,
        0.0,
        0.0,
        1.0
      ]
    ],
    [
      [
        -0.8899074073825409,
        0.4513305566499658,
        0.06607219475480103,
        -0.04805202782154083
      ],
      [
        0.2431315396539554,
        0.5918926311930738,
        -0.7684726199187822,
        -0.05120796337723732
      ],
      [
        -0.38594282052032197,
        -0.6678052423973416,
        -0.6364623300050416,
        -0.4341374337673187
      ],
      [
        0.0,
        0.0,
        0.0,
        1.0
      ]
    ],
    [
      [
        -0.8650124003236503,
        0.49927740839048945,
        -0.04975557011223028,
        -0.06032738834619522
      ],
      [
        0.2641615930196219,
        0.3688590805691851,
        -0.8911574672609722,
        -0.06341224908828735
      ],
      [
        -0.42658199687709786,
        -0.7840057704842048,
        -0.45095759422346565,
        -0.4328463673591614
      ],
      [
        0.0,
        0.0,
        0.0,
        1.0
      ]
    ],
    [
      [
        -0.8445291978700984,
        0.5044956440905268,
        -0.17959559860579294,
        -0.0734553188085556
      ],
      [
        0.3067797117644178,
        0.18090310185008365,
        -0.9344304555132819,
        -0.08004006743431091
      ],
      [
        -0.43892669364556686,
        -0.8442500890344657,
        -0.3075469797781599,
        -0.4332919716835022
      ],
      [
        0.0,
        0.0,
        0.0,
        1.0
      ]
    ],
    [
      [
        -0.8427543303558276,
        0.4955985378478941,
        -0.2101124174091818,
        -0.07499440014362335
      ],
      [
        0.31487046099200866,
        0.1372685939378756,
        -0.9391559646368641,
        -0.08419610559940338
      ],
      [
        -0.43660248677851193,
        -0.8576359498069961,
        -0.2717330420421322,
        -0.431278258562088
      ],
      [
        0.0,
        0.0,
        0.0,
        1.0
      ]
    ],
    [
      [
        -0.8362495347613221,
        0.48760213590736745,
        -0.2508602652275661,
        -0.0781429260969162
      ],
      [
        0.32703214979689665,
        0.07626606387246221,
        -0.9419307089699439,
        -0.08740366995334625
      ],
      [
        -0.4401553005595773,
        -0.8697284889895088,
        -0.22323903518276883,
        -0.4321509301662445
      ],
      [
        0.0,
        0.0,
        0.0,
        1.0
      ]
    ],
    [
      [
        -0.831879359879875,
        0.4740534254851335,
        -0.28853090023714983,
        -0.08027193695306778
      ],
      [
        0.3472684314700448,
        0.039123471143245866,
        -0.9369492998610107,
        -0.08958311378955841
      ],
      [
        -0.43287569475564686,
        -0.8796264569642698,
        -0.19716979763214626,
        -0.43315640091896057
      ],
      [
        0.0,
        0.0,
        0.0,
        1.0
      ]
    ],
    [
      [
        -0.8202032222422634,
        0.4556872827910106,
        -0.34585513517360716,
        -0.08446624130010605
      ],
      [
        0.37661932073308874,
        -0.024948208113422396,
        -0.9260321129218341,
        -0.09371325373649597
      ],
      [
        -0.4306095232039759,
        -0.8897902489994343,
        -0.15115803422765767,
        -0.4303264617919922
      ],
      [
        0.0,
        0.0,
        0.0,
        1.0
      ]
    ],
    [
      [
        -0.8102481425470229,
        0.44758351500527516,
        -0.3783740802362419,
        -0.08651117235422134
      ],
      [
        0.3990501631199418,
        -0.051530576204860234,
        -0.9154799653897092,
        -0.09604248404502869
      ],
      [
        -0.42925157520159124,
        -0.8927561799346548,
        -0.13685572101828614,
        -0.427481085062027
      ],
      [
        0.0,
        0.0,
        0.0,
        1.0
      ]
    ],
    [
      [
        -0.8024146969854348,
        0.4257509691042345,
        -0.41817073829786156,
        -0.08924391120672226
      ],
      [
        0.4224603294168816,
        -0.08966425622014258,
        -0.9019354695461694,
        -0.09820625931024551
      ],
      [
        -0.42149486845126993,
        -0.9003868243501203,
        -0.10791497767202136,
        -0.42718058824539185
      ],
      [
        0.0,
        0.0,
        0.0,
        1.0
      ]
    ],
    [
      [
        -0.7917012024995685,
        0.41474729071740474,
        -0.4485464198979965,
        -0.09331391751766205
      ],
      [
        0.44228355235982425,
        -0.11735996348336018,
        -0.8891635947806,
        -0.1008603647351265
      ],
      [
        -0.42141958339962293,
        -0.9023365911974073,
        -0.09052188085502487,
        -0.4318394958972931
      ],
      [
        0.0,
        0.0,
        0.0,
        1.0
      ]
    ],
    [
      [
        -0.7802204490702076,
        0.3997871719424439,
        -0.48106784137265546,
        -0.09592852741479874
      ],
      [
        0.46268782869040165,
        -0.14867466655787462,
        -0.87396556951957,
        -0.10321222245693207
      ],
      [
        -0.4209228243210923,
        -0.9044700440999511,
        -0.06897764341717735,
        -0.43149811029434204
      ],
      [
        0.0,
        0.0,
        0.0,
        1.0
      ]
    ],
    [
      [
        -0.7740592196855132,
        0.3833415055739351,
        -0.5038666634380203,
        -0.09778386354446411
      ],
      [
        0.47151039375673365,
        -0.18205927894846366,
        -0.8628628903412963,
        -0.10458489507436752
      ],
      [
        -0.42250476091900385,
        -0.9054853444717228,
        -0.03982484083711027,
        -0.42883339524269104
      ],
      [
        0.0,
        0.0,
        0.0,
        1.0
      ]
    ],
    [
      [
        -0.7691311568776362,
        0.3524584400221799,
        -0.5331137885828879,
        -0.09898223727941513
      ],
      [
        0.48901120980508844,
        -0.21250362191012495,
        -0.8459966000877559,
        -0.1062130257487297
      ],
      [
        -0.41146725289509073,
        -0.911380962458735,
        -0.008912971600838135,
        -0.42810773849487305
      ],
      [
        0.0,
        0.0,
        0.0,
        1.0
      ]
    ],
    [
      [
        -0.7489862154202054,
        0.3341278919003024,
        -0.5721697309057674,
        -0.10240953415632248
      ],
      [
        0.5153216009998545,
        -0.24905402264832793,
        -0.8200095983253084,
        -0.1114010289311409
      ],
      [
        -0.4164892515461416,
        -0.9090273074319313,
        0.014354709665779064,
        -0.4308733642101288
      ],
      [
        0.0,
        0.0,
        0.0,
        1.0
      ]
    ],
    [
      [
        -0.7334294051875041,
        0.31325412231747796,
        -0.6032853076757383,
        -0.10821055620908737
      ],
      [
        0.5401706974145409,
        -0.27019906281511324,
        -0.7969994254129188,
        -0.11657615751028061
      ],
      [
        -0.4126704802393699,
        -0.9104198599025292,
        0.02896124020249763,
        -0.43383723497390747
      ],
      [
        0.0,
        0.0,
        0.0,
        1.0
      ]
    ],
    [
      [
        -0.7349658106975502,
        0.3166477662749307,
        -0.5996327619625118,
        -0.10817040503025055
      ],
      [
        0.535051972966739,
        -0.27244921565460267,
        -0.7996816936216512,
        -0.11586422473192215
      ],
      [
        -0.41658689769373863,
        -0.9085733965961634,
        0.03081784657658429,
        -0.43185651302337646
      ],
      [
        0.0,
        0.0,
        0.0,
        1.0
      ]
    ],
    [
      [
        -0.7426526941371008,
        0.3548404266568562,
        -0.5679394752091863,
        -0.09487822651863098
      ],
      [
        0.5206910064528468,
        -0.22735324304548551,
        -0.8229163861996076,
        -0.10739391297101974
      ],
      [
        -0.42112688312434665,
        -0.9068620482116785,
        -0.01591772041757919,
        -0.4292215406894684
      ],
      [
        0.0,
        0.0,
        0.0,
        1.0
      ]
    ],
    [
      [
        -0.7540249127672419,
        0.4006867750582093,
        -0.5204772225754027,
        -0.08286367356777191
      ],
      [
        0.4994192018124471,
        -0.16495940233953077,
        -0.8505109384604075,
        -0.10099862515926361
      ],
      [
        -0.4266460966508091,
        -0.9012427552403608,
        -0.07572717041717338,
        -0.42791569232940674
      ],
      [
        0.0,
        0.0,
        0.0,
        1.0
      ]
    ],
    [
      [
        -0.7633818098864674,
        0.4599091422941269,
        -0.45357666735486063,
        -0.07075957208871841
      ],
      [
        0.4801388651730982,
        -0.06572265531204907,
        -0.8747269303782884,
        -0.0970078706741333
      ],
      [
        -0.43210517525800457,
        -0.8855304136013703,
        -0.17064877410117857,
        -0.42813754081726074
      ],
      [
        0.0,
        0.0,
        0.0,
        1.0
      ]
    ],
    [
      [
        -0.764500786075594,
        0.4871421083864265,
        -0.4221742700907123,
        -0.06194765865802765
      ],
      [
        0.4797785314759601,
        -0.007404555450006636,
        -0.8773583836114857,
        -0.09478069096803665
      ],
      [
        -0.4305242255954591,
        -0.8732913252720508,
        -0.2280595369196723,
        -0.4308933913707733
      ],
      [
        0.0,
        0.0,
        0.0,
        1.0
      ]
    ],
    [
      [
        -0.7600410384642617,
        0.5476687875609301,
        -0.34985213874107945,
        -0.04428713768720627
      ],
      [
        0.4775934648999704,
        0.10562316595327897,
        -0.8722088219565582,
        -0.08755200356245041
      ],
      [
        -0.4407290575115367,
        -0.8300015939415701,
        -0.3418409746058036,
        -0.4259112477302551
      ],
      [
        0.0,
        0.0,
        0.0,
        1.0
      ]
    ],
    [
      [
        -0.7654196349859723,
        0.5812236493975778,
        -0.27624599862966775,
        -0.03290814161300659
      ],
      [
        0.46417489131271084,
        0.20131522792489337,
        -0.8625623741390422,
        -0.08378444612026215
      ],
      [
        -0.44572912475266163,
        -0.7884486339556367,
        -0.4238800525628876,
        -0.42556625604629517
      ],
      [
        0.0,
        0.0,
        0.0,
        1.0
      ]
    ],
    [
      [
        -0.763716504931248,
        0.6281906843399124,
        -0.14870630183066139,
        -0.01568651758134365
      ],
      [
        0.46253539943109734,
        0.37179008560764704,
        -0.8048808213126797,
        -0.07833098620176315
      ],
      [
        -0.45033110526446485,
        -0.6834826964542784,
        -0.5745026538484174,
        -0.43296030163764954
      ],
      [
        0.0,
        0.0,
        0.0,
        1.0
      ]
    ],
    [
      [
        -0.762769258718081,
        0.6431394476706642,
        -0.06748858277177028,
        -0.005998589098453522
      ],
      [
        0.45184190198548574,
        0.4553910360574009,
        -0.7671100963282295,
        -0.07529713958501816
      ],
      [
        -0.46262506802464554,
        -0.6156221691333409,
        -0.6379556342777704,
        -0.4335532784461975
      ],
      [
        0.0,
        0.0,
        0.0,
        1.0
      ]
    ],
    [
      [
        -0.7606530237263393,
        0.6491573347221656,
        -0.001316158194042405,
        0.003909682855010033
      ],
      [
        0.4541149683686972,
        0.5306602488480007,
        -0.7156670285796849,
        -0.07379744201898575
      ],
      [
        -0.46388206798654624,
        -0.5449719764070375,
        -0.6984403853812672,
        -0.4339759647846222
      ],
      [
        0.0,
        0.0,
        0.0,
        1.0
      ]
    ],
    [
      [
        -0.7656070421197714,
        0.638294373057543,
        0.08016327325959519,
        0.012809130363166332
      ],
      [
        0.4536942266052151,
        0.6240807507316466,
        -0.6361483830925926,
        -0.07120706140995026
      ],
      [
        -0.45607828911461046,
        -0.4506700676651404,
        -0.7673910895423449,
        -0.43558749556541443
      ],
      [
        0.0,
        0.0,
        0.0,
        1.0
      ]
    ],
    [
      [
        -0.7555537049608885,
        0.6376581052630421,
        0.15010243073389062,
        0.020970627665519714
      ],
      [
        0.45721251204363716,
        0.6773980154584547,
        -0.5762713314782323,
        -0.0694769024848938
      ],
      [
        -0.46914317404244765,
        -0.36677523014142444,
        -0.80335584444509,
        -0.4389094114303589
      ],
      [
        0.0,
        0.0,
        0.0,
        1.0
      ]
    ],
    [
      [
        -0.7532074563264571,
        0.6298891470907657,
        0.18952094900431438,
        0.026239756494760513
      ],
      [
        0.44963167639991686,
        0.7033252655933767,
        -0.5506041466932543,
        -0.066668301820755
      ],
      [
        -0.480114448139221,
        -0.3295045267599125,
        -0.8129679474202519,
        -0.43619102239608765
      ],
      [
        0.0,
        0.0,
        0.0,
        1.0
      ]
    ],
    [
      [
        -0.7425634091783334,
        0.6177585041509163,
        0.2587933807087676,
        0.032610081136226654
      ],
      [
        0.4468995097635381,
        0.7447856640904545,
        -0.4955553881640777,
        -0.06078503280878067
      ],
      [
        -0.49887915522956067,
        -0.25232666350301297,
        -0.8291265544914582,
        -0.43178480863571167
      ],
      [
        0.0,
        0.0,
        0.0,
        1.0
      ]
    ],
    [
      [
        -0.7344192780618498,
        0.5741489060262092,
        0.3619134671713923,
        0.04498336836695671
      ],
      [
        0.46721069367560536,
        0.8144759705037584,
        -0.34401026320027217,
        -0.05343827232718468
      ],
      [
        -0.49228293869102446,
        -0.08355792709772122,
        -0.8664153629136899,
        -0.4300934374332428
      ],
      [
        0.0,
        0.0,
        0.0,
        1.0
      ]
    ],
    [
      [
        -0.759484270532062,
        0.4386228494757284,
        0.4804098653568372,
        0.06722535192966461
      ],
      [
        0.4155675714115571,
        0.895298627608592,
        -0.1604492474063753,
        -0.05417736619710922
      ],
      [
        -0.5004869992372253,
        0.07778408140464468,
        -0.862242657419913,
        -0.43011367321014404
      ],
      [
        0.0,
        0.0,
        0.0,
        1.0
      ]
    ],
    [
      [
        -0.7743284040503421,
        0.3739986686891284,
        0.5104316981728404,
        0.0753115713596344
      ],
      [
        0.3954880715538372,
        0.9157226519280467,
        -0.071001478889474,
        -0.05497479811310768
      ],
      [
        -0.49396832685859227,
        0.14689118613662647,
        -0.8569820718637573,
        -0.43022680282592773
      ],
      [
        0.0,
        0.0,
        0.0,
        1.0
      ]
    ],
    [
      [
        -0.7711106353428366,
        0.3205236654849589,
        0.5501390441745189,
        0.08152642101049423
      ],
      [
        0.3773546166788426,
        0.9260082972704212,
        -0.01058898755780359,
        -0.05561093986034393
      ],
      [
        -0.5128273406638251,
        0.19943222721120507,
        -0.835005931366507,
        -0.4227725565433502
      ],
      [
        0.0,
        0.0,
        0.0,
        1.0
      ]
    ],
    [
      [
        -0.7859565913290304,
        0.2685369541689294,
        0.5569202283919353,
        0.08609716594219208
      ],
      [
        0.3587804804066509,
        0.9316742004773785,
        0.05709422951586211,
        -0.055673085153102875
      ],
      [
        -0.5035362980219241,
        0.2446856931054846,
        -0.8286012962600675,
        -0.42006587982177734
      ],
      [
        0.0,
        0.0,
        0.0,
        1.0
      ]
    ],
    [
      [
        -0.7969473511358734,
        0.20451613701321775,
        0.568373177779094,
        0.09105508774518967
      ],
      [
        0.3397814961952336,
        0.9297411160199703,
        0.1418802030773438,
        -0.0549604631960392
      ],
      [
        -0.4994231215721227,
        0.306193740764129,
        -0.8104455186846468,
        -0.41691315174102783
      ],
      [
        0.0,
        0.0,
        0.0,
        1.0
      ]
    ],
    [
      [
        -0.81462751898988,
        0.11981703636477618,
        0.567473244392328,
        0.09572472423315048
      ],
      [
        0.30490219915769534,
        0.9207870301144245,
        0.2432815120839621,
        -0.0547138936817646
      ],
      [
        -0.49337273359316697,
        0.37120765478343765,
        -0.7866309317443513,
        -0.419206827878952
      ],
      [
        0.0,
        0.0,
        0.0,
        1.0
      ]
    ],
    [
      [
        -0.8176219693652315,
        0.03469827920906314,
        0.5747089216562158,
        0.10221356153488159
      ],
      [
        0.2642677452070646,
        0.9094416664584696,
        0.32105827220679983,
        -0.05592252314090729
      ],
      [
        -0.511524069868168,
        0.4143813276791939,
        -0.7527491223617161,
        -0.41591233015060425
      ],
      [
        0.0,
        0.0,
        0.0,
        1.0
      ]
    ],
    [
      [
        -0.8135240680751084,
        -0.006109857542872216,
        0.5814991490134204,
        0.1060970276594162
      ],
      [
        0.25764891507764365,
        0.8926592509389999,
        0.369833068116328,
        -0.05916221812367439
      ],
      [
        -0.52134022214082,
        0.4506907269445747,
        -0.7246255870615742,
        -0.4176269769668579
      ],
      [
        0.0,
        0.0,
        0.0,
        1.0
      ]
    ],
    [
      [
        -0.8284278947047304,
        -0.056469623329455626,
        0.5572417831750567,
        0.11053945869207382
      ],
      [
        0.22362079420442763,
        0.8788213405384561,
        0.42150538764477447,
        -0.05975525826215744
      ],
      [
        -0.5135182213655798,
        0.4737976710107596,
        -0.7154123309465046,
        -0.4171210527420044
      ],
      [
        0.0,
        0.0,
        0.0,
        1.0
      ]
    ],
    [
      [
        -0.8280404567687165,
        -0.14143409499386672,
        0.5425360805766944,
        0.11342719197273254
      ],
      [
        0.17730399070154412,
        0.8519435422203281,
        0.4927022384264018,
        -0.061154332011938095
      ],
      [
        -0.5318950054621329,
        0.5041711987433892,
        -0.6803668903776049,
        -0.4189002513885498
      ],
      [
        0.0,
        0.0,
        0.0,
        1.0
      ]
    ],
    [
      [
        -0.81650337295054,
        -0.1878150728714478,
        0.5459374875960469,
        0.11520843952894211
      ],
      [
        0.16076189387689213,
        0.834246700900372,
        0.5274353567158345,
        -0.060897961258888245
      ],
      [
        -0.5545068578814026,
        0.5184186922161831,
        -0.6509717383445738,
        -0.417631596326828
      ],
      [
        0.0,
        0.0,
        0.0,
        1.0
      ]
    ],
    [
      [
        -0.7935315847893321,
        -0.3639341747526305,
        0.48770845839379606,
        0.11524912714958191
      ],
      [
        0.07322967477803116,
        0.7385204812390562,
        0.6702424289183254,
        -0.06181816756725311
      ],
      [
        -0.6041068106499339,
        0.5675732686072826,
        -0.5593885466192621,
        -0.40772488713264465
      ],
      [
        0.0,
        0.0,
        0.0,
        1.0
      ]
    ],
    [
      [
        -0.790903560783724,
        -0.38688728251450827,
        0.47412001451970487,
        0.11556799709796906
      ],
      [
        0.06702466183020434,
        0.715351921274245,
        0.6955424670254097,
        -0.06390178203582764
      ],
      [
        -0.6082591982421415,
        0.5818847474868073,
        -0.5398433924723369,
        -0.40656983852386475
      ],
      [
        0.0,
        0.0,
        0.0,
        1.0
      ]
    ],
    [
      [
        -0.7688265636462732,
        -0.4551306049425264,
        0.44917908174414445,
        0.11579000949859619
      ],
      [
        -0.04466059320329879,
        0.738940421655397,
        0.6722889889463262,
        -0.052844442427158356
      ],
      [
        -0.637895874298143,
        0.49681302890362483,
        -0.5884434279223566,
        -0.40225860476493835
      ],
      [
        0.0,
        0.0,
        0.0,
        1.0
      ]
    ],
    [
      [
        -0.751199946986412,
        -0.4489522158501358,
        0.4838807162213274,
        0.11689511686563492
      ],
      [
        -0.09916808951452913,
        0.8015103370120772,
        0.5897006610856264,
        -0.047080595046281815
      ],
      [
        -0.6525828144148833,
        0.3949975791647837,
        -0.6466162562017062,
        -0.4049220383167267
      ],
      [
        0.0,
        0.0,
        0.0,
        1.0
      ]
    ],
    [
      [
        -0.7739677333173259,
        -0.41797532686535355,
        0.4756790660891457,
        0.11783283948898315
      ],
      [
        -0.1053336237788359,
        0.825716178053654,
        0.5541638936290285,
        -0.04573133587837219
      ],
      [
        -0.624402735007831,
        0.3787999728514607,
        -0.6831045345205031,
        -0.407516211271286
      ],
      [
        0.0,
        0.0,
        0.0,
        1.0
      ]
    ],
    [
      [
        -0.7821225051277563,
        -0.3888345548862493,
        0.4869210160786814,
        0.12030749768018723
      ],
      [
        -0.12934755263692135,
        0.8657065972883353,
        0.48355071919943515,
        -0.04384174942970276
      ],
      [
        -0.6095519646424921,
        0.31521385809933,
        -0.7273834106319815,
        -0.4064251780509949
      ],
      [
        0.0,
        0.0,
        0.0,
        1.0
      ]
    ],
    [
      [
        -0.7997951237158808,
        -0.34918686279278655,
        0.4882584304784002,
        0.12230738252401352
      ],
      [
        -0.15000577019502448,
        0.9038515161521118,
        0.40068779075200983,
        -0.04357174038887024
      ],
      [
        -0.5812280352740192,
        0.2472265592578204,
        -0.775276079476881,
        -0.4114433825016022
      ],
      [
        0.0,
        0.0,
        0.0,
        1.0
      ]
    ],
    [
      [
        -0.8122982659111733,
        -0.3303480722074602,
        0.4806679502385361,
        0.12131841480731964
      ],
      [
        -0.1639242883241864,
        0.9202212208708502,
        0.3554176871743602,
        -0.04432982578873634
      ],
      [
        -0.5597323957884787,
        0.20991201930279513,
        -0.8016461746039292,
        -0.41478610038757324
      ],
      [
        0.0,
        0.0,
        0.0,
        1.0
      ]
    ],
    [
      [
        -0.8368128031541876,
        -0.27580770415248324,
        0.47294232503273315,
        0.12016744911670685
      ],
      [
        -0.1538513557490765,
        0.9474932195974622,
        0.28033258667341254,
        -0.047022297978401184
      ],
      [
        -0.5254275333586947,
        0.16182307977223623,
        -0.8353078462708384,
        -0.41908225417137146
      ],
      [
        0.0,
        0.0,
        0.0,
        1.0
      ]
    ],
    [
      [
        -0.8664103150187837,
        -0.20237572548242358,
        0.45648355037669724,
        0.11726504564285278
      ],
      [
        -0.1666897196914657,
        0.9789673206057771,
        0.11763299934595875,
        -0.04608583077788353
      ],
      [
        -0.4706885417961994,
        0.02582732896387977,
        -0.8819213375921681,
        -0.41760125756263733
      ],
      [
        0.0,
        0.0,
        0.0,
        1.0
      ]
    ],
    [
      [
        -0.881563577742122,
        -0.1427271330527388,
        0.44997180343778836,
        0.11511345207691193
      ],
      [
        -0.17202947586541037,
        0.9847829069916569,
        -0.02466749947874604,
        -0.0441654734313488
      ],
      [
        -0.43960381917356234,
        -0.09915438259405146,
        -0.8927020166776878,
        -0.40888914465904236
      ],
      [
        0.0,
        0.0,
        0.0,
        1.0
      ]
    ],
    [
      [
        -0.9068300950413037,
        -0.10268138402444658,
        0.4087978866166067,
        0.11406932026147842
      ],
      [
        -0.16161712871136244,
        0.9804494088065343,
        -0.11224464565409045,
        -0.042703237384557724
      ],
      [
        -0.38928021068951707,
        -0.1678555633446254,
        -0.9056961010293594,
        -0.41395246982574463
      ],
      [
        0.0,
        0.0,
        0.0,
        1.0
      ]
    ],
    [
      [
        -0.9237466677643911,
        -0.001889563127500632,
        0.38299937773496556,
        0.11449224501848221
      ],
      [
        -0.11785003729588786,
        0.952874392726464,
        -0.27953847748660693,
        -0.0451943539083004
      ],
      [
        -0.3644220938740425,
        -0.303359228040552,
        -0.8804372301641378,
        -0.4127356708049774
      ],
      [
        0.0,
        0.0,
        0.0,
        1.0
      ]
    ],
    [
      [
        -0.9524595461637206,
        0.0430708138722988,
        0.30160523522309335,
        0.11444936692714691
      ],
      [
        -0.09256643044479476,
        0.9022469104275213,
        -0.42116738783849555,
        -0.048368748277425766
      ],
      [
        -0.2902624138194758,
        -0.4290634191076776,
        -0.855366771336905,
        -0.41722244024276733
      ],
      [
        0.0,
        0.0,
        0.0,
        1.0
      ]
    ],
    [
      [
        -0.9800693654140368,
        0.1053558325439138,
        0.16841670797728522,
        0.1127333790063858
      ],
      [
        -0.0171025139498035,
        0.799886802170516,
        -0.5999071659265479,
        -0.052554331719875336
      ],
      [
        -0.1979180208912876,
        -0.5908309845145266,
        -0.7821427010105454,
        -0.4163269102573395
      ],
      [
        0.0,
        0.0,
        0.0,
        1.0
      ]
    ],
    [
      [
        -0.8947654120020008,
        0.2618784093049267,
        -0.361682949867437,
        0.10250306129455566
      ],
      [
        0.4389476792430248,
        0.36713778490716287,
        -0.8200821798945666,
        -0.06024588644504547
      ],
      [
        -0.08197433971708654,
        -0.8925410610349436,
        -0.4434531113822121,
        -0.3878801167011261
      ],
      [
        0.0,
        0.0,
        0.0,
        1.0
      ]
    ],
    [
      [
        -0.8412902532580403,
        0.30114842893597354,
        -0.4489324375921367,
        0.09635278582572937
      ],
      [
        0.5303650373390099,
        0.2990994737168101,
        -0.7932543299539676,
        -0.06457894295454025
      ],
      [
        -0.10461183939408297,
        -0.9054552051712565,
        -0.41134806974977356,
        -0.3630821704864502
      ],
      [
        0.0,
        0.0,
        0.0,
        1.0
      ]
    ],
    [
      [
        -0.821017849394868,
        0.2930001009440699,
        -0.48998023615426683,
        0.09597190469503403
      ],
      [
        0.5609222530511372,
        0.2542214174702981,
        -0.7878690861630686,
        -0.06889421492815018
      ],
      [
        -0.10628225160892207,
        -0.9216954007404821,
        -0.3730705982073373,
        -0.3567572832107544
      ],
      [
        0.0,
        0.0,
        0.0,
        1.0
      ]
    ],
    [
      [
        -0.800772752223255,
        0.2860164178402669,
        -0.526267620154058,
        0.09804373234510422
      ],
      [
        0.5891626195569309,
        0.21778886704074293,
        -0.7781101574391155,
        -0.0725809782743454
      ],
      [
        -0.1079370511622815,
        -0.9331466219833472,
        -0.34290957243486153,
        -0.35388216376304626
      ],
      [
        0.0,
        0.0,
        0.0,
        1.0
      ]
    ],
    [
      [
        -0.7785519270390421,
        0.297355605123347,
        -0.5526631351967689,
        0.09968191385269165
      ],
      [
        0.6135651654215316,
        0.17558244432606296,
        -0.7698756997241395,
        -0.07524608075618744
      ],
      [
        -0.1318889103944776,
        -0.9384830575701476,
        -0.31914709143080766,
        -0.34801962971687317
      ],
      [
        0.0,
        0.0,
        0.0,
        1.0
      ]
    ],
    [
      [
        -0.7676039100210829,
        0.2993934463064823,
        -0.5666990397283845,
        0.099990114569664
      ],
      [
        0.6242176196324276,
        0.14865657910176835,
        -0.7669769128403969,
        -0.0773174837231636
      ],
      [
        -0.1453843205465142,
        -0.9424780028194224,
        -0.3009960357558572,
        -0.34298598766326904
      ],
      [
        0.0,
        0.0,
        0.0,
        1.0
      ]
    ],
    [
      [
        -0.7366954677676265,
        0.3181250867103248,
        -0.5967212221600521,
        0.09868825972080231
      ],
      [
        0.6524482711723278,
        0.10244971541136678,
        -0.7508763608320417,
        -0.07895442098379135
      ],
      [
        -0.17773868800820605,
        -0.9424969416489786,
        -0.2830344038583354,
        -0.3342546224594116
      ],
      [
        0.0,
        0.0,
        0.0,
        1.0
      ]
    ],
    [
      [
        -0.72867736615972,
        0.34751569800789545,
        -0.5901373871266065,
        0.09432521462440491
      ],
      [
        0.6492573493924698,
        0.07632738652385726,
        -0.7567291618051348,
        -0.07710492610931396
      ],
      [
        -0.21793161841824943,
        -0.9345624482636368,
        -0.2812451599389394,
        -0.32108283042907715
      ],
      [
        0.0,
        0.0,
        0.0,
        1.0
      ]
    ],
    [
      [
        -0.7344567450779551,
        0.35392640775583906,
        -0.5790590535537313,
        0.08965501934289932
      ],
      [
        0.641338523095162,
        0.08292800962103417,
        -0.7627632948788305,
        -0.07340619713068008
      ],
      [
        -0.22194185816022147,
        -0.9315895250126749,
        -0.287893675656564,
        -0.32092219591140747
      ],
      [
        0.0,
        0.0,
        0.0,
        1.0
      ]
    ],
    [
      [
        -0.7312538822795782,
        0.3598246735080696,
        -0.5794773196475048,
        0.08343303948640823
      ],
      [
        0.6452961813714717,
        0.08963056185331221,
        -0.7586561808152997,
        -0.0689493715763092
      ],
      [
        -0.22104433482548694,
        -0.9287047790964958,
        -0.2977361841041283,
        -0.32385653257369995
      ],
      [
        0.0,
        0.0,
        0.0,
        1.0
      ]
    ],
    [
      [
        -0.7355289327923058,
        0.37053130847758475,
        -0.567189332113449,
        0.07524051517248154
      ],
      [
        0.6375094402400401,
        0.0951804653112346,
        -0.7645406415802677,
        -0.06718701869249344
      ],
      [
        -0.2293008997589023,
        -0.9239303158036464,
        -0.30622519313200214,
        -0.3230091333389282
      ],
      [
        0.0,
        0.0,
        0.0,
        1.0
      ]
    ],
    [
      [
        -0.7441596988775997,
        0.3611803845976682,
        -0.5619386731203687,
        0.06807029992341995
      ],
      [
        0.6322396887582458,
        0.10926295640992152,
        -0.7670297141020287,
        -0.06637390702962875
      ],
      [
        -0.21563700639101027,
        -0.9260725328711806,
        -0.30966166268409684,
        -0.3255419135093689
      ],
      [
        0.0,
        0.0,
        0.0,
        1.0
      ]
    ],
    [
      [
        -0.7537559539970341,
        0.34613905781659254,
        -0.5586051507709744,
        0.054493583738803864
      ],
      [
        0.6265258264574549,
        0.12203193534239962,
        -0.7697880198719592,
        -0.06490711122751236
      ],
      [
        -0.19828603227616542,
        -0.9302128570442522,
        -0.3088473571098601,
        -0.3300595283508301
      ],
      [
        0.0,
        0.0,
        0.0,
        1.0
      ]
    ],
    [
      [
        -0.8194748152267115,
        0.3549003970932738,
        -0.45000748366242105,
        0.014889266341924667
      ],
      [
        0.5508371877228775,
        0.27093790198373235,
        -0.7894118354130532,
        -0.05263041704893112
      ],
      [
        -0.15823849035774762,
        -0.8947839747177474,
        -0.41751912382262324,
        -0.34637022018432617
      ],
      [
        0.0,
        0.0,
        0.0,
        1.0
      ]
    ],
    [
      [
        -0.8487082565019121,
        0.3591465805820269,
        -0.388211320032945,
        0.0038247080519795418
      ],
      [
        0.5052809145142564,
        0.33390919257169066,
        -0.7957360420037273,
        -0.04832947999238968
      ],
      [
        -0.15615855011212398,
        -0.8715035196557491,
        -0.46486140133863557,
        -0.3439371585845947
      ],
      [
        0.0,
        0.0,
        0.0,
        1.0
      ]
    ],
    [
      [
        -0.8654289803604226,
        0.36320464562324317,
        -0.3451305048094326,
        -0.010051118209958076
      ],
      [
        0.4811468219821242,
        0.4103266973104037,
        -0.7746804096986308,
        -0.04535415396094322
      ],
      [
        -0.1397512634963332,
        -0.8364893226288252,
        -0.5298633762387696,
        -0.35181525349617004
      ],
      [
        0.0,
        0.0,
        0.0,
        1.0
      ]
    ],
    [
      [
        -0.873457005808871,
        0.355596747431031,
        -0.3326015818060304,
        -0.020546913146972656
      ],
      [
        0.4690321603704063,
        0.4311360700357761,
        -0.77079862587603,
        -0.043575502932071686
      ],
      [
        -0.13069694541828977,
        -0.8292602982963662,
        -0.5433651314979189,
        -0.35236021876335144
      ],
      [
        0.0,
        0.0,
        0.0,
        1.0
      ]
    ],
    [
      [
        -0.8861175628448394,
        0.36631538035302524,
        -0.2839167253522421,
        -0.03260978311300278
      ],
      [
        0.4468651339930695,
        0.512836891981375,
        -0.7330142387731902,
        -0.039533279836177826
      ],
      [
        -0.12291141866921089,
        -0.7764092763096677,
        -0.618127348384635,
        -0.36168596148490906
      ],
      [
        0.0,
        0.0,
        0.0,
        1.0
      ]
    ],
    [
      [
        -0.8977044961396713,
        0.38411525844711064,
        -0.2158288809189535,
        -0.04427925497293472
      ],
      [
        0.41844299534135515,
        0.5898895347998475,
        -0.6906053839808763,
        -0.03686084970831871
      ],
      [
        -0.1379568673911273,
        -0.7102716416707966,
        -0.6902768269164902,
        -0.3690487742424011
      ],
      [
        0.0,
