{
  "object_poses": [
    [
      [
        -0.846160134856669,
        -0.46245373785222665,
        -0.26485763444886334,
        0.012021252885460854
      ],
      [
        0.03366151273793583,
        0.44961427222162853,
        -0.8925883198736184,
        -0.14054833352565765
      ],
      [
        0.5318645774438616,
        -0.7641881617514885,
        -0.3648787808291175,
        -0.500468373298645
      ],
      [
        0.0,
        0.0,
        0.0,
        1.0
      ]
    ],
    [
      [
        -0.8041436741362218,
        -0.4491936829767045,
        -0.38933017674015735,
        0.014223120175302029
      ],
      [
        0.08540072903472837,
        0.560862710017727,
        -0.8234924019029612,
        -0.1329232156276703
      ],
      [
        0.5882683629322889,
        -0.6954552866183383,
        -0.41265273231564803,
        -0.5034102201461792
      ],
      [
        0.0,
        0.0,
        0.0,
        1.0
      ]
    ],
    [
      [
        -0.7665663114733902,
        -0.381580813970597,
        -0.5164999249986568,
        0.014460316859185696
      ],
      [
        0.12148594918028127,
        0.7036134104030355,
        -0.700120941589934,
        -0.12864241003990173
      ],
      [
        0.6305689924709648,
        -0.5994366114198785,
        -0.49300962934166526,
        -0.51679927110672
      ],
      [
        0.0,
        0.0,
        0.0,
        1.0
      ]
    ],
    [
      [
        -0.7257951396304736,
        -0.35511518959971167,
        -0.5891643381980464,
        0.01782127469778061
      ],
      [
        0.146242610545802,
        0.7572259549101523,
        -0.6365704611990387,
        -0.12198177725076675
      ],
      [
        0.6721863686132962,
        -0.5481806776291634,
        -0.49765794530430346,
        -0.5212472677230835
      ],
      [
        0.0,
        0.0,
        0.0,
        1.0
      ]
    ],
    [
      [
        -0.6943907142865017,
        -0.3061331420576399,
        -0.6512327043742502,
        0.019147153943777084
      ],
      [
        0.15684961740008613,
        0.8188452132326244,
        -0.5521690993594854,
        -0.1162249818444252
      ],
      [
        0.7022960440114477,
        -0.48556669583069173,
        -0.5205816463014575,
        -0.5250328183174133
      ],
      [
        0.0,
        0.0,
        0.0,
        1.0
      ]
    ],
    [
      [
        -0.6478014037675208,
        -0.2568479191143206,
        -0.7172046344827069,
        0.021125096827745438
      ],
      [
        0.16313644984805353,
        0.8728385946438164,
        -0.4599340022559555,
        -0.10970425605773926
      ],
      [
        0.7441369766432812,
        -0.4149481101859017,
        -0.5235248091975641,
        -0.5236517786979675
      ],
      [
        0.0,
        0.0,
        0.0,
        1.0
      ]
    ],
    [
      [
        -0.6355688476088664,
        -0.251270879021737,
        -0.7300104008195916,
        0.02256130240857601
      ],
      [
        0.14378895778849823,
        0.8904859330795959,
        -0.4316938019076235,
        -0.10896583646535873
      ],
      [
        0.7585360740052081,
        -0.3793385669069316,
        -0.5298351404821697,
        -0.523263692855835
      ],
      [
        0.0,
        0.0,
        0.0,
        1.0
      ]
    ],
    [
      [
        -0.6356085614007508,
        -0.24763757847839984,
        -0.7312163745427355,
        0.02317948453128338
      ],
      [
        0.11545654831460204,
        0.9060139738342557,
        -0.40719585541645476,
        -0.11027335375547409
      ],
      [
        0.7633292488339128,
        -0.3432408905454225,
        -0.5472788584736665,
        -0.5286389589309692
      ],
      [
        0.0,
        0.0,
        0.0,
        1.0
      ]
    ],
    [
      [
        -0.6408407422145939,
        -0.2659884052473721,
        -0.7201203450756049,
        0.02435440942645073
      ],
      [
        0.09336866928402066,
        0.9040849944195826,
        -0.41702831374077537,
        -0.11094493418931961
      ],
      [
        0.7619746942740158,
        -0.33448541244619795,
        -0.5545395154059962,
        -0.5277936458587646
      ],
      [
        0.0,
        0.0,
        0.0,
        1.0
      ]
    ],
    [
      [
        -0.6486566022175134,
        -0.2945442959136009,
        -0.7017750851550599,
        0.025320470333099365
      ],
      [
        0.041570199764434546,
        0.9069885008967297,
        -0.41909876846949556,
        -0.11196548491716385
      ],
      [
        0.7599450841285675,
        -0.3010241136285663,
        -0.5760798140214258,
        -0.5335035920143127
      ],
      [
        0.0,
        0.0,
        0.0,
        1.0
      ]
    ],
    [
      [
        -0.6198495624294926,
        -0.29017088219558324,
        -0.7291003902630995,
        0.02538190595805645
      ],
      [
        -0.0020322228895418015,
        0.9297113938452788,
        -0.3682833070129521,
        -0.10931536555290222
      ],
      [
        0.7847180321784979,
        -0.2267985522001983,
        -0.5768708925693862,
        -0.5290117263793945
      ],
      [
        0.0,
        0.0,
        0.0,
        1.0
      ]
    ],
    [
      [
        -0.6016761081465206,
        -0.3440888032273515,
        -0.7208250525468891,
        0.02698180451989174
      ],
      [
        -0.15078485199748387,
        0.9351566741312082,
        -0.32054004934790026,
        -0.10925891250371933
      ],
      [
        0.7843786007367572,
        -0.08417179053237708,
        -0.614544807467137,
        -0.5313789248466492
      ],
      [
        0.0,
        0.0,
        0.0,
        1.0
      ]
    ],
    [
      [
        -0.5386363103435944,
        -0.34239286989761986,
        -0.7698298823913701,
        0.030518146231770515
      ],
      [
        -0.22847883508460445,
        0.9388246266735206,
        -0.2576931164577487,
        -0.11052127927541733
      ],
      [
        0.8109675376350285,
        0.03708696529235435,
        -0.5839145570266103,
        -0.53065425157547
      ],
      [
        0.0,
        0.0,
        0.0,
        1.0
      ]
    ],
    [
      [
        -0.5352061869264316,
        -0.3681818855714404,
        -0.7602607688239138,
        0.03180855140089989
      ],
      [
        -0.27848594953004546,
        0.9266028695763645,
        -0.2526909139783147,
        -0.11005612462759018
      ],
      [
        0.797496027193878,
        0.07648020155508121,
        -0.5984570706241807,
        -0.5353683829307556
      ],
      [
        0.0,
        0.0,
        0.0,
        1.0
      ]
    ],
    [
      [
        -0.5006254945408704,
        -0.38586629262001043,
        -0.7749072966719294,
        0.0349753238260746
      ],
      [
        -0.33775252257932004,
        0.9112794614068402,
        -0.23556947321197075,
        -0.10938336700201035
      ],
      [
        0.7970554232341783,
        0.14379481019059048,
        -0.5865370447424758,
        -0.5329590439796448
      ],
      [
        0.0,
        0.0,
        0.0,
        1.0
      ]
    ],
    [
      [
        -0.46672232644136247,
        -0.40737806825928025,
        -0.784992598374341,
        0.037742793560028076
      ],
      [
        -0.42340605248199403,
        0.8821894319777981,
        -0.2060803746801353,
        -0.10987120121717453
      ],
      [
        0.7764647994099779,
        0.23618830540064273,
        -0.5842238438040641,
        -0.5342998504638672
      ],
      [
        0.0,
        0.0,
        0.0,
        1.0
      ]
    ],
    [
      [
        -0.43540216053829955,
        -0.4054697671298953,
        -0.8037532124615175,
        0.039894960820674896
      ],
      [
        -0.45727453119742295,
        0.8686799943015528,
        -0.19051265212166693,
        -0.10929727554321289
      ],
      [
        0.7754514567119969,
        0.2845862530831079,
        -0.5636361440143449,
        -0.5347442030906677
      ],
      [
        0.0,
        0.0,
        0.0,
        1.0
      ]
    ],
    [
      [
        -0.42676554272194334,
        -0.4127098512757483,
        -0.8046997888686159,
        0.041736900806427
      ],
      [
        -0.4861619599974371,
        0.8549882956074971,
        -0.18066976234455412,
        -0.10640545189380646
      ],
      [
        0.7625730917077364,
        0.314110797385472,
        -0.5655233742023114,
        -0.538329005241394
      ],
      [
        0.0,
        0.0,
        0.0,
        1.0
      ]
    ],
    [
      [
        -0.4226506487600008,
        -0.42939582718306935,
        -0.7981138093658808,
        0.043337173759937286
      ],
      [
        -0.528208299861485,
        0.8323137388784914,
        -0.16807686346295664,
        -0.10116482526063919
      ],
      [
        0.736452592540884,
        0.3505325429569606,
        -0.5785883815528415,
        -0.5435733795166016
      ],
      [
        0.0,
        0.0,
        0.0,
        1.0
      ]
    ],
    [
      [
        -0.3896919730350294,
        -0.45878064295876014,
        -0.7985364661669575,
        0.04524100944399834
      ],
      [
        -0.5893478893850685,
        0.7905211755038586,
        -0.16656931397277921,
        -0.09445101767778397
      ],
      [
        0.7076787628786317,
        0.40570505632336407,
        -0.5784411602265395,
        -0.5456764101982117
      ],
      [
        0.0,
        0.0,
        0.0,
        1.0
      ]
    ],
    [
      [
        -0.32036323258575616,
        -0.5033346929852623,
        -0.8025095551111129,
        0.052058085799217224
      ],
      [
        -0.7459594974862215,
        0.6561999336019282,
        -0.11378082110324708,
        -0.0889492854475975
      ],
      [
        0.5838765514364391,
        0.5621884328036791,
        -0.5856896265979402,
        -0.5572445392608643
      ],
      [
        0.0,
        0.0,
        0.0,
        1.0
      ]
    ],
    [
      [
        -0.20940627409663576,
        -0.5474482630410954,
        -0.8102156575025272,
        0.06127878278493881
      ],
      [
        -0.918610115931011,
        0.3941090344961817,
        -0.028870812903382115,
        -0.08562915772199631
      ],
      [
        0.3351185868885509,
        0.7382265697072785,
        -0.5854204168800792,
        -0.5867502689361572
      ],
      [
        0.0,
        0.0,
        0.0,
        1.0
      ]
    ],
    [
      [
        -0.20142538603000032,
        -0.509386439571391,
        -0.8366320989798604,
        0.060646288096904755
      ],
      [
        -0.941655813013256,
        0.33584233812230524,
        0.0222318182541838,
        -0.08409548550844193
      ],
      [
        0.2696518935238714,
        0.792297531931865,
        -0.5473138744940292,
        -0.5941266417503357
      ],
      [
        0.0,
        0.0,
        0.0,
        1.0
      ]
    ],
    [
      [
        -0.28681234879678097,
        -0.434408930617902,
        -0.8538311060022845,
        0.05361989885568619
      ],
      [
        -0.9042362960394437,
        0.4171079948022417,
        0.09152945753647196,
        -0.08375418186187744
      ],
      [
        0.31637856675593773,
        0.798316855434898,
        -0.5124400460795338,
        -0.5999375581741333
      ],
      [
        0.0,
        0.0,
        0.0,
        1.0
      ]
    ],
    [
      [
        -0.231134389910023,
        -0.4751777896075217,
        -0.8489893768856189,
        0.058992307633161545
      ],
      [
        -0.9299605824634964,
        0.36434492902855686,
        0.049255332252767015,
        -0.08168277144432068
      ],
      [
        0.2859199343611356,
        0.8009112566039298,
        -0.5261092568849537,
        -0.5934227705001831
      ],
      [
        0.0,
        0.0,
        0.0,
        1.0
      ]
    ],
    [
      [
        -0.09768957311699267,
        -0.5208915359011999,
        -0.8480145960599434,
        0.07095643877983093
      ],
      [
        -0.9596099641954496,
        0.2751869736800479,
        -0.05848799991130238,
        -0.07962416112422943
      ],
      [
        0.2638284744318316,
        0.8080495884184992,
        -0.5267356061020241,
        -0.5911746025085449
      ],
      [
        0.0,
        0.0,
        0.0,
        1.0
      ]
    ],
    [
      [
        -0.07302421951167021,
        -0.41355620365392287,
        -0.9075454422694581,
        0.06623825430870056
      ],
      [
        -0.9739150447486609,
        0.2255934392518293,
        -0.024435338727853806,
        -0.08008631318807602
      ],
      [
        0.21484168351817845,
        0.8820877884801976,
        -0.4192423934160148,
        -0.5953816175460815
      ],
      [
        0.0,
        0.0,
        0.0,
        1.0
      ]
    ],
    [
      [
        -0.042052930390272414,
        -0.4409328289278237,
        -0.8965543995872739,
        0.06872029602527618
      ],
      [
        -0.955253135531822,
        0.2807068045890471,
        -0.093247718009766,
        -0.08064814656972885
      ],
      [
        0.2927849007415054,
        0.852515061586077,
        -0.4330070111056792,
        -0.6007383465766907
      ],
      [
        0.0,
        0.0,
        0.0,
        1.0
      ]
    ],
    [
      [
        0.02377751022120933,
        -0.45434948123324204,
        -0.890506136368955,
        0.07428546994924545
      ],
      [
        -0.9531663611359897,
        0.25834557572966776,
        -0.15726236517260667,
        -0.08098533004522324
      ],
      [
        0.3015103945247262,
        0.8525398010673697,
        -0.42692782714359767,
        -0.5995747447013855
      ],
      [
        0.0,
        0.0,
        0.0,
        1.0
      ]
    ],
    [
      [
        0.06272060539719018,
        -0.4505524676996736,
        -0.8905439907766178,
        0.07647322863340378
      ],
      [
        -0.9434383823593896,
        0.26430583067684077,
        -0.2001660474739006,
        -0.08192257583141327
      ],
      [
        0.32556127587553874,
        0.852727917755693,
        -0.4084910695845524,
        -0.5991514921188354
      ],
      [
        0.0,
        0.0,
        0.0,
        1.0
      ]
    ],
    [
      [
        0.0796622381509958,
        -0.47236211492840907,
        -0.877797220429146,
        0.07836402952671051
      ],
      [
        -0.9449773118219934,
        0.24450741892841948,
        -0.21733384971200786,
        -0.08381562680006027
      ],
      [
        0.31728820960516835,
        0.8468117585799828,
        -0.42689347333523836,
        -0.6039357781410217
      ],
      [
        0.0,
        0.0,
        0.0,
        1.0
      ]
    ],
    [
      [
        0.20496410269160334,
        -0.5334573275386432,
        -0.8206174482078449,
        0.08684251457452774
      ],
      [
        -0.9125834157224553,
        0.1989173909501224,
        -0.35724414750410216,
        -0.08206900209188461
      ],
      [
        0.35380958997201073,
        0.8221041000219651,
        -0.4460533855615408,
        -0.6008631587028503
      ],
      [
        0.0,
        0.0,
        0.0,
        1.0
      ]
    ],
    [
      [
        0.29699072641050145,
        -0.5505610443997255,
        -0.780178854376127,
        0.09553822875022888
      ],
      [
        -0.8733400727778939,
        0.17375182674734602,
        -0.45506858821749396,
        -0.08358702063560486
      ],
      [
        0.38610053834003577,
        0.8165126080419357,
        -0.4292243413438837,
        -0.6036098003387451
      ],
      [
        0.0,
        0.0,
        0.0,
        1.0
      ]
    ],
    [
      [
        0.38457918948779,
        -0.5595738405342322,
        -0.7341498239478671,
        0.1027793139219284
      ],
      [
        -0.8367256693631496,
        0.12457497704919557,
        -0.5332646897385778,
        -0.08636153489351273
      ],
      [
        0.3898576679272884,
        0.8193645050177376,
        -0.4203008525750741,
        -0.6041570901870728
      ],
      [
        0.0,
        0.0,
        0.0,
        1.0
      ]
    ],
    [
      [
        0.42690330752063727,
        -0.5984254251886851,
        -0.677967976025182,
        0.10809057950973511
      ],
      [
        -0.8016564781462705,
        0.09647983484491235,
        -0.5899479066107588,
        -0.08667183667421341
      ],
      [
        0.4184500652097672,
        0.7953481325533115,
        -0.4385440581856079,
        -0.602383017539978
      ],
      [
        0.0,
        0.0,
        0.0,
        1.0
      ]
    ],
    [
      [
        0.4497616782114536,
        -0.6162638570265986,
        -0.6464776031194871,
        0.10930158942937851
      ],
      [
        -0.7960128260012869,
        0.05168939490941665,
        -0.6030686422749432,
        -0.08890994638204575
      ],
      [
        0.40506544366788677,
        0.7858416284319625,
        -0.46730602539400196,
        -0.5940435528755188
      ],
      [
        0.0,
        0.0,
        0.0,
        1.0
      ]
    ],
    [
      [
        0.5071481303552066,
        -0.6142774108398313,
        -0.604536215961568,
        0.11478691548109055
      ],
      [
        -0.7551436100123742,
        0.021373152858368494,
        -0.6552108947463956,
        -0.09141100943088531
      ],
      [
        0.41540209693103136,
        0.7888006407634353,
        -0.4530283070587268,
        -0.5941195487976074
      ],
      [
        0.0,
        0.0,
        0.0,
        1.0
      ]
    ],
    [
      [
        0.5377469994165993,
        -0.6151034569405798,
        -0.5766072336332521,
        0.11083706468343735
      ],
      [
        -0.7241370295272502,
        0.013305369047661442,
        -0.6895277584129267,
        -0.09950800240039825
      ],
      [
        0.4318028798953219,
        0.7883341324681137,
        -0.43826426787938394,
        -0.5840539336204529
      ],
      [
        0.0,
        0.0,
        0.0,
        1.0
      ]
    ],
    [
      [
        0.6888730829822474,
        -0.603201535751274,
        -0.40199724229133516,
        0.11574717611074448
      ],
      [
        -0.6087070445883999,
        -0.1802348142157582,
        -0.7726520210373277,
        -0.0965433120727539
      ],
      [
        0.39361098741141576,
        0.7769577330922935,
        -0.491331936247884,
        -0.5803998708724976
      ],
      [
        0.0,
        0.0,
        0.0,
        1.0
      ]
    ],
    [
      [
        0.7074718003416837,
        -0.6341318722030325,
        -0.3120263135980265,
        0.11603399366140366
      ],
      [
        -0.5855510988426265,
        -0.2787146161636148,
        -0.761214866762967,
        -0.1014535129070282
      ],
      [
        0.39574431438176044,
        0.7212454030307895,
        -0.5684993458584315,
        -0.5759233236312866
      ],
      [
        0.0,
        0.0,
        0.0,
        1.0
      ]
    ],
    [
      [
        0.7310430074030163,
        -0.6443415106519861,
        -0.2244997527345413,
        0.11924181878566742
      ],
      [
        -0.5525904072418215,
        -0.3660654397964697,
        -0.7487589302378538,
        -0.10447770357131958
      ],
      [
        0.4002748595046552,
        0.6714313899702143,
        -0.6236665177891104,
        -0.5727583765983582
      ],
      [
        0.0,
        0.0,
        0.0,
        1.0
      ]
    ],
    [
      [
        0.7652239528725449,
        -0.6419629480917086,
        -0.04812354130276936,
        0.1253194808959961
      ],
      [
        -0.4634989496167749,
        -0.49752809445393953,
        -0.7332356503424926,
        -0.09617801755666733
      ],
      [
        0.44676730593706554,
        0.5833946935878265,
        -0.6782695672365837,
        -0.5715064406394958
      ],
      [
        0.0,
        0.0,
        0.0,
        1.0
      ]
    ],
    [
      [
        0.7819602141031736,
        -0.6199072243367395,
        0.06521699759140998,
        0.12975762784481049
      ],
      [
        -0.40073067757214653,
        -0.5800942639247456,
        -0.7091583525660371,
        -0.0892903208732605
      ],
      [
        0.4774443921675978,
        0.5283991655715655,
        -0.7020264768589474,
        -0.5758256316184998
      ],
      [
        0.0,
        0.0,
        0.0,
        1.0
      ]
    ],
    [
      [
        0.7472469036383186,
        -0.6620334034346439,
        0.05773939504088599,
        0.1289193481206894
      ],
      [
        -0.44394480614929394,
        -0.5619578323309066,
        -0.6979372491671545,
        -0.09265051782131195
      ],
      [
        0.4945048777272185,
        0.49589834383539816,
        -0.7138275411367216,
        -0.5729272961616516
      ],
      [
        0.0,
        0.0,
        0.0,
        1.0
      ]
    ],
    [
      [
        0.4862656019211376,
        -0.7226944851652424,
        0.49118066482712774,
        0.10762398689985275
      ],
      [
        -0.3750754429875587,
        -0.6803232195813974,
        -0.629665569144517,
        -0.08440108597278595
      ],
      [
        0.7892174456104988,
        0.12195490154211569,
        -0.6018827340386934,
        -0.5468235611915588
      ],
      [
        0.0,
        0.0,
        0.0,
        1.0
      ]
    ],
    [
      [
        0.3525205997662358,
        -0.7540784376053289,
        0.5541614716661197,
        0.09698953479528427
      ],
      [
        -0.44672807025594313,
        -0.6559506564787336,
        -0.6084100323881252,
        -0.08939451724290848
      ],
      [
        0.8222914677812573,
        -0.033082415326342374,
        -0.5681041240919844,
        -0.5386056900024414
      ],
      [
        0.0,
        0.0,
        0.0,
        1.0
      ]
    ],
    [
      [
        0.29639620854494564,
        -0.7895009922307138,
        0.5374360155654805,
        0.09529249370098114
      ],
      [
        -0.47179381468631754,
        -0.6103032149756411,
        -0.6363494183340855,
        -0.09242662787437439
      ],
      [
        0.8303974253235096,
        -0.06494743302944861,
        -0.5533732438047321,
        -0.5307852029800415
      ],
      [
        0.0,
        0.0,
        0.0,
        1.0
      ]
    ],
    [
      [
        0.265794257338688,
        -0.8033119640030901,
        0.5329571289093272,
        0.09471657872200012
      ],
      [
        -0.5273530306190657,
        -0.5839496636323137,
        -0.6171722380669715,
        -0.09458598494529724
      ],
      [
        0.8070019788468069,
        -0.11701572045330316,
        -0.5788394659179109,
        -0.5235051512718201
      ],
      [
        0.0,
        0.0,
        0.0,
        1.0
      ]
    ],
    [
      [
        0.3529188202418144,
        -0.8422812832152826,
        0.4074439179376008,
        0.10912317782640457
      ],
      [
        -0.6330323358793126,
        -0.5356128034659753,
        -0.5589176920571574,
        -0.10192583501338959
      ],
      [
        0.688998090019346,
        -0.06067260261876875,
        -0.7222191268868181,
        -0.5351847410202026
      ],
      [
        0.0,
        0.0,
        0.0,
        1.0
      ]
    ],
    [
      [
        0.3486425362681652,
        -0.8545365773142142,
        0.384987817906761,
        0.11289774626493454
      ],
      [
        -0.7066411052013704,
        -0.5095021702170446,
        -0.49098460972204394,
        -0.10374493896961212
      ],
      [
        0.6157164366364498,
        -0.10087009753256879,
        -0.7814848002869172,
        -0.5403960943222046
      ],
      [
        0.0,
        0.0,
        0.0,
        1.0
      ]
    ],
    [
      [
        0.347562735903814,
        -0.8348580829032346,
        0.42686312328683473,
        0.1128593236207962
      ],
      [
        -0.7019773890357526,
        -0.5334871390328499,
        -0.47182541026219893,
        -0.09759044647216797
      ],
      [
        0.6216332438774517,
        -0.13565933030086944,
        -0.7714717468635622,
        -0.5397059917449951
      ],
      [
        0.0,
        0.0,
        0.0,
        1.0
      ]
    ],
    [
      [
        0.34848958827840165,
        -0.7910438064834133,
        0.5027968805449994,
        0.11108362674713135
      ],
      [
        -0.6555645744587024,
        -0.5890951606482435,
        -0.47244256837799947,
        -0.08739297091960907
      ],
      [
        0.6699179767526251,
        -0.16497450689440582,
        -0.7238738263665963,
        -0.535605251789093
      ],
      [
        0.0,
        0.0,
        0.0,
        1.0
      ]
    ],
    [
      [
        0.4233407986974901,
        -0.5757600139979883,
        0.6994876513843596,
        0.10765628516674042
      ],
      [
        -0.4920585891670307,
        -0.7944056419475489,
        -0.35608709730746224,
        -0.06394083797931671
      ],
      [
        0.760697648862623,
        -0.1934427106999359,
        -0.6196119791385077,
        -0.5284671187400818
      ],
      [
        0.0,
        0.0,
        0.0,
        1.0
      ]
    ],
    [
      [
        0.49145139702298246,
        -0.32842476966159945,
        0.8066056626610578,
        0.10700969398021698
      ],
      [
        -0.3103825975599232,
        -0.9314043176000512,
        -0.19012795767045343,
        -0.04868502542376518
      ],
      [
        0.8137187275073086,
        -0.1569177103730115,
        -0.5596772861883694,
        -0.55055832862854
      ],
      [
        0.0,
        0.0,
        0.0,
        1.0
      ]
    ],
    [
      [
        0.49860843314875347,
        -0.03058630547205437,
        0.8662875436657943,
        0.09341902285814285
      ],
      [
        -0.10975734943796359,
        -0.9935613270407917,
        0.028092946682288546,
        -0.03144320845603943
      ],
      [
        0.8598505420346597,
        -0.1090888047716691,
        -0.4987551283307179,
        -0.5347162485122681
      ],
      [
        0.0,
        0.0,
        0.0,
        1.0
      ]
    ],
    [
      [
        0.4246777431597276,
        0.20633184880674701,
        0.8815191334467734,
        0.08015549182891846
      ],
      [
        0.08065910019555331,
        -0.9784344536001558,
        0.19015816985816908,
        -0.018201950937509537
      ],
      [
        0.90174437842462,
        -0.00965340230977077,
        -0.43216187685107255,
        -0.5238934755325317
      ],
      [
        0.0,
        0.0,
        0.0,
        1.0
      ]
    ],
    [
      [
        0.3359928668375414,
        0.3883922711375047,
        0.8580560804253655,
        0.07005207985639572
      ],
      [
        0.23671264104026818,
        -0.916599072345903,
        0.3222006613065391,
        -0.012135999277234077
      ],
      [
        0.9116336539455042,
        0.09485559706881323,
        -0.3999081103187177,
        -0.5402445793151855
      ],
      [
        0.0,
        0.0,
        0.0,
        1.0
      ]
    ],
    [
      [
        0.2656161876046712,
        0.48902531769292845,
        0.830844317268699,
        0.06432648003101349
      ],
      [
        0.32668458379766663,
        -0.8564704271624859,
        0.39966935097034195,
        -0.013445133343338966
      ],
      [
        0.9070420186470445,
        0.16526538068040586,
        -0.3872494420360798,
        -0.5524483323097229
      ],
      [
        0.0,
        0.0,
        0.0,
        1.0
      ]
    ],
    [
      [
        0.14407132347441987,
        0.5676096506681725,
        0.8105940650046017,
        0.05556575581431389
      ],
      [
        0.4202360514818454,
        -0.776701968485637,
        0.46918622441998925,
        -0.01447131298482418
      ],
      [
        0.8959046348731974,
        0.2730445689239981,
        -0.35043051892469523,
        -0.5708729028701782
      ],
      [
        0.0,
        0.0,
        0.0,
        1.0
      ]
    ],
    [
      [
        0.0075697767067853805,
        0.5957855201805947,
        0.8031079083309712,
        0.044795479625463486
      ],
      [
        0.4518870329277481,
        -0.7184859945293012,
        0.5287494540299758,
        -0.018023211508989334
      ],
      [
        0.8920430527459792,
        0.3589115345156509,
        -0.27466652952126325,
        -0.5686633586883545
      ],
      [
        0.0,
        0.0,
        0.0,
        1.0
      ]
    ],
    [
      [
        -0.10977378798880338,
        0.6447872174526696,
        0.7564384705184113,
        0.03361830860376358
      ],
      [
        0.388694151721994,
        -0.6725858194693028,
        0.6297183274019633,
        -0.03021475486457348
      ],
      [
        0.9148041166761927,
        0.36314977579292335,
        -0.17679272737825147,
        -0.5394785404205322
      ],
      [
        0.0,
        0.0,
        0.0,
        1.0
      ]
    ],
    [
      [
        -0.19650472430451493,
        0.7075435338542926,
        0.6787989695241046,
        0.028238875791430473
      ],
      [
        0.3260258814656043,
        -0.6057553029759494,
        0.7257875980830009,
        -0.04415619373321533
      ],
      [
        0.9247123974191016,
        0.3639267242419762,
        -0.11164372549284751,
        -0.5288532972335815
      ],
      [
        0.0,
        0.0,
        0.0,
        1.0
      ]
    ],
    [
      [
        -0.3299294003348218,
        0.7906913999426998,
        0.5157069912764018,
        0.027197381481528282
      ],
      [
        0.2522441494567266,
        -0.45259143943691915,
        0.8552975377102815,
        -0.06140272319316864
      ],
      [
        0.9096809769691558,
        0.4122718751080062,
        -0.05012405745119819,
        -0.5314963459968567
      ],
      [
        0.0,
        0.0,
        0.0,
        1.0
      ]
    ],
    [
      [
        -0.40437566996409285,
        0.8632311408082467,
        0.3021792763906625,
        0.023289160802960396
      ],
      [
        0.26472467378207193,
        -0.20578308643856252,
        0.9421115477621506,
        -0.07651923596858978
      ],
      [
        0.8754434102967861,
        0.4609612986734487,
        -0.14530490870311635,
        -0.5342615842819214
      ],
      [
        0.0,
        0.0,
        0.0,
        1.0
      ]
    ],
    [
      [
        -0.4605545962930974,
        0.8638406557450335,
        0.20412933477404033,
        0.021942930296063423
      ],
      [
        0.19481128493408506,
        -0.1259936091767424,
        0.972714847069247,
        -0.0838652178645134
      ],
      [
        0.8659896229722575,
        0.48775499170035,
        -0.11025897231408777,
        -0.5351917147636414
      ],
      [
        0.0,
        0.0,
        0.0,
        1.0
      ]
    ],
    [
      [
        -0.5135315566073768,
        0.8550797786787125,
        0.07158150922667428,
        0.021625220775604248
      ],
      [
        0.11834303845447286,
        -0.012046097490992808,
        0.9928997012712818,
        -0.09297294914722443
      ],
      [
        0.8498707346519044,
        0.5183565024478823,
        -0.09500668793422326,
        -0.5350617170333862
      ],
      [
        0.0,
        0.0,
        0.0,
        1.0
      ]
    ],
    [
      [
        -0.5348736421064695,
        0.8429723031516035,
        0.05751419910805877,
        0.020026732236146927
      ],
      [
        0.12371631529502047,
        0.010799432514227575,
        0.9922588601706682,
        -0.09561853855848312
      ],
      [
        0.8358256159687758,
        0.5378485552426925,
        -0.11006575904324131,
        -0.5425955057144165
      ],
      [
        0.0,
        0.0,
        0.0,
        1.0
      ]
    ],
    [
      [
        -0.5233581453509534,
        0.8520820772049514,
        0.007237775963982618,
        0.01995049975812435
      ],
      [
        0.1155932248708813,
        0.06257810151467283,
        0.9913234525495543,
        -0.09682456403970718
      ],
      [
        0.8442360203513941,
        0.5196538414338084,
        -0.13124567430710252,
        -0.5291474461555481
      ],
      [
        0.0,
        0.0,
        0.0,
        1.0
      ]
    ],
    [
      [
        -0.5169633033619807,
        0.8559259417401084,
        0.011820542854593608,
        0.02186373807489872
      ],
      [
        0.12482511182495276,
        0.0617163461800905,
        0.9902574332324232,
        -0.09561964869499207
      ],
      [
        0.8468575053897536,
        0.513402254446246,
        -0.1387461375842782,
        -0.5282841920852661
      ],
      [
        0.0,
        0.0,
        0.0,
        1.0
      ]
    ],
    [
      [
        -0.49765472939984,
        0.8673040930569209,
        0.011107676295406266,
        0.02291499450802803
      ],
      [
        0.14167902043602415,
        0.06864729051978585,
        0.987529546227646,
        -0.09336041659116745
      ],
      [
        0.8557259055762307,
        0.4930224737991197,
        -0.15704144311211518,
        -0.5185289978981018
      ],
      [
        0.0,
        0.0,
        0.0,
        1.0
      ]
    ],
    [
      [
        -0.5308296121445203,
        0.847395445494685,
        -0.011869364994054166,
        0.024642832577228546
      ],
      [
        0.1787484767436578,
        0.12564096726651466,
        0.975839807246126,
        -0.09442125260829926
      ],
      [
        0.828413486691471,
        0.5158830354830429,
        -0.21816459100523458,
        -0.5206660032272339
      ],
      [
        0.0,
        0.0,
        0.0,
        1.0
      ]
    ],
    [
      [
        -0.5572376130240678,
        0.828951070579611,
        -0.048232408359484336,
        0.024414027109742165
      ],
      [
        0.17998495542111886,
        0.17728693660531722,
        0.9675612424705531,
        -0.09771792590618134
      ],
      [
        0.8106119037204531,
        0.5304804093404574,
        -0.2479896708588563,
        -0.5242533087730408
      ],
      [
        0.0,
        0.0,
        0.0,
        1.0
      ]
    ],
    [
      [
        -0.5820059613365423,
        0.8116125061256267,
        -0.05053910237831816,
        0.02384893223643303
      ],
      [
        0.17610442678554505,
        0.18647114462689407,
        0.9665483656227815,
        -0.0982489138841629
      ],
      [
        0.7938868255836352,
        0.5536367510579611,
        -0.25145587295333416,
        -0.5271731615066528
      ],
      [
        0.0,
        0.0,
        0.0,
        1.0
      ]
    ],
    [
      [
        -0.5795371582208538,
        0.8102147252493432,
        -0.08768569570020146,
        0.02370213158428669
      ],
      [
        0.1725895918702764,
        0.22717848710589847,
        0.9584376702604747,
        -0.09695122390985489
      ],
      [
        0.7964606173687111,
        0.5403166053208122,
        -0.2714930035843376,
        -0.5196978449821472
      ],
      [
        0.0,
        0.0,
        0.0,
        1.0
      ]
    ],
    [
      [
        -0.67098346838074,
        0.6926399277665016,
        -0.26463392757423954,
        0.0263090580701828
      ],
      [
        0.10349833727320501,
        0.44090016477775407,
        0.8915689198713868,
        -0.10793552547693253
      ],
      [
        0.7342133745318417,
        0.5708388346657616,
        -0.3675238026250829,
        -0.529240608215332
      ],
      [
        0.0,
        0.0,
        0.0,
        1.0
      ]
    ],
    [
      [
        -0.7721312006729913,
        0.5445701588351335,
        -0.3275007649663777,
        0.023042581975460052
      ],
      [
        0.1192157944172074,
        0.6303587732894952,
        0.7670954381942559,
        -0.1089438647031784
      ],
      [
        0.6241802650747292,
        0.5532550578559954,
        -0.551641040576207,
        -0.538385808467865
      ],
      [
        0.0,
        0.0,
        0.0,
        1.0
      ]
    ],
    [
      [
        -0.8322470917107057,
        0.33990322151385366,
        -0.4379846782064143,
        0.02644169330596924
      ],
      [
        0.005017332573335503,
        0.7945940446894313,
        0.6071203591693648,
        -0.12123081088066101
      ],
      [
        0.5543821828963488,
        0.503076638444476,
        -0.663003990288509,
        -0.5494405031204224
      ],
      [
        0.0,
        0.0,
        0.0,
        1.0
      ]
    ],
    [
      [
        -0.852851244764067,
        0.35088671189342835,
        -0.3866823886874079,
        0.02904973365366459
      ],
      [
        0.0701394355858766,
        0.8108257110449693,
        0.5810698115408464,
        -0.11521750688552856
      ],
      [
        0.5174216983081363,
        0.4684444275738993,
        -0.7161247128782009,
        -0.5536010265350342
      ],
      [
        0.0,
        0.0,
        0.0,
        1.0
      ]
    ],
    [
      [
        -0.8048911391785729,
        0.5364288318970103,
        -0.2537604429012288,
        0.030176546424627304
      ],
      [
        0.1884768713726796,
        0.6365692684633446,
        0.7478342298969795,
        -0.10221540927886963
      ],
      [
        0.5626959418988067,
        0.5540971708623416,
        -0.613473391609582,
        -0.5463084578514099
      ],
      [
        0.0,
        0.0,
        0.0,
        1.0
      ]
    ],
    [
      [
        -0.6488894339526375,
        0.7279712069869327,
        -0.22136039461162385,
        0.036572881042957306
      ],
      [
        0.32735741182895917,
        0.5297224210945487,
        0.7824520953453793,
        -0.09512035548686981
      ],
      [
        0.6868621604261446,
        0.43526093138222016,
        -0.5820380521813083,
        -0.5329369306564331
      ],
      [
        0.0,
        0.0,
        0.0,
        1.0
      ]
    ],
    [
      [
        -0.6364945426067724,
        0.7129751463317666,
        -0.2941787516884788,
        0.03552822023630142
      ],
      [
        0.28813364411275866,
        0.5736057239112514,
        0.7667825484624382,
        -0.09941216558218002
      ],
      [
        0.7154395155162299,
        0.4032901117179111,
        -0.5705290399519178,
        -0.5182659029960632
      ],
      [
        0.0,
        0.0,
        0.0,
        1.0
      ]
    ],
    [
      [
        -0.5787336349791854,
        0.7328226499369477,
        -0.3578244590342716,
        0.04310310259461403
      ],
      [
        0.32418388359934536,
        0.609342766770931,
        0.7236063862338371,
        -0.09990917146205902
      ],
      [
        0.7483128953574336,
        0.3027744314226959,
        -0.5902164470077381,
        -0.5278869867324829
      ],
      [
        0.0,
        0.0,
        0.0,
        1.0
      ]
    ],
    [
      [
        -0.4803636090616039,
        0.7931583001190399,
        -0.3743670846129315,
        0.04923785850405693
      ],
      [
        0.3238440536262637,
        0.5570742550526511,
        0.7647177932338463,
        -0.0966104045510292
      ],
      [
        0.8150925297291225,
        0.24610604484613746,
        -0.5244577987502623,
        -0.522762656211853
      ],
      [
        0.0,
        0.0,
        0.0,
        1.0
      ]
    ],
    [
      [
        -0.3862939640034834,
        0.8556279066041871,
        -0.34449652946671566,
        0.055040791630744934
      ],
      [
        0.2977963614884994,
        0.46917987880081585,
        0.8313769111616358,
        -0.09451710432767868
      ],
      [
        0.8729801260387811,
        0.21856606957299657,
        -0.43604423258738967,
        -0.519523024559021
      ],
      [
        0.0,
        0.0,
        0.0,
        1.0
      ]
    ],
    [
      [
        -0.37916726370710063,
        0.8700683584205857,
        -0.31498132930092426,
