{
  "object_poses": [
    [
      [
        0.8392581453264775,
        -0.5342849087689662,
        0.10092275147308691,
        0.02922890894114971
      ],
      [
        0.2724206246160422,
        0.5738119531681675,
        0.77235150397027,
        -0.03654779493808746
      ],
      [
        -0.4705664339782071,
        -0.6207088517679364,
        0.6271265841518469,
        -0.38422447443008423
      ],
      [
        0.0,
        0.0,
        0.0,
        1.0
      ]
    ],
    [
      [
        0.8155762849699775,
        -0.5572957533784075,
        0.15574583994753496,
        0.030041102319955826
      ],
      [
        0.3117510647345552,
        0.6499337461979646,
        0.6931070618526048,
        -0.0281666349619627
      ],
      [
        -0.487490099418892,
        -0.5167277511605822,
        0.703808094688521,
        -0.37817010283470154
      ],
      [
        0.0,
        0.0,
        0.0,
        1.0
      ]
    ],
    [
      [
        0.8162953291745298,
        -0.5515391277266614,
        0.17165816658219252,
        0.02958817034959793
      ],
      [
        0.3387689211171378,
        0.6978110054798004,
        0.6311065034654616,
        -0.012290455400943756
      ],
      [
        -0.4678648882455027,
        -0.4570168390965302,
        0.7564641796735914,
        -0.361492782831192
      ],
      [
        0.0,
        0.0,
        0.0,
        1.0
      ]
    ],
    [
      [
        0.8160235545672261,
        -0.5170076623421723,
        0.2584736649466476,
        0.0308813638985157
      ],
      [
        0.37052257793101995,
        0.811090386525019,
        0.4525985021296983,
        0.00012381002306938171
      ],
      [
        -0.44364239837375874,
        -0.27356070983636804,
        0.8534318721485632,
        -0.3650088906288147
      ],
      [
        0.0,
        0.0,
        0.0,
        1.0
      ]
    ],
    [
      [
        0.839395420154282,
        -0.47294448637600145,
        0.26784107495034576,
        0.031426139175891876
      ],
      [
        0.4318772801310861,
        0.8795627902283775,
        0.19962793630212824,
        0.009418434463441372
      ],
      [
        -0.3299959750218053,
        -0.05189230050991547,
        0.9425549562848826,
        -0.3646880090236664
      ],
      [
        0.0,
        0.0,
        0.0,
        1.0
      ]
    ],
    [
      [
        0.8639960061454847,
        -0.41583653751807015,
        0.2838853209125727,
        0.03013412095606327
      ],
      [
        0.44502878135171253,
        0.894420896770929,
        -0.044279150715625076,
        0.023017462342977524
      ],
      [
        -0.2355000745928999,
        0.16459414778317608,
        0.9578353101563278,
        -0.3725893795490265
      ],
      [
        0.0,
        0.0,
        0.0,
        1.0
      ]
    ],
    [
      [
        0.8796270280598851,
        -0.35606351528818636,
        0.31539667814857175,
        0.02831498719751835
      ],
      [
        0.44831582556773364,
        0.8421877703295576,
        -0.2995541354293912,
        0.03362707421183586
      ],
      [
        -0.15896292665919223,
        0.4048932360363014,
        0.9004400342943425,
        -0.38010716438293457
      ],
      [
        0.0,
        0.0,
        0.0,
        1.0
      ]
    ],
    [
      [
        0.832431755677093,
        -0.297560918245853,
        0.46745574343785423,
        0.026777204126119614
      ],
      [
        0.5334657653454233,
        0.6585518246168083,
        -0.5307765739916316,
        0.042592037469148636
      ],
      [
        -0.14990546802826768,
        0.6912069112983151,
        0.7069380145590338,
        -0.3805643618106842
      ],
      [
        0.0,
        0.0,
        0.0,
        1.0
      ]
    ],
    [
      [
        0.806065126180681,
        -0.25232055624426425,
        0.535344140952255,
        0.02703508548438549
      ],
      [
        0.5778856916851631,
        0.5307428142570261,
        -0.619967896314069,
        0.04609350860118866
      ],
      [
        -0.12769941151345768,
        0.8091022197541647,
        0.5736257127151814,
        -0.38190728425979614
      ],
      [
        0.0,
        0.0,
        0.0,
        1.0
      ]
    ],
    [
      [
        0.7827498090352392,
        -0.24798148408413326,
        0.5707958654429158,
        0.027453893795609474
      ],
      [
        0.5891795892029061,
        0.5906642185907656,
        -0.551346708109566,
        0.04379748925566673
      ],
      [
        -0.20042491891476807,
        0.767867804005345,
        0.6084479332284871,
        -0.3761250376701355
      ],
      [
        0.0,
        0.0,
        0.0,
        1.0
      ]
    ],
    [
      [
        0.7881192988968267,
        -0.3532187148697491,
        0.504087800062784,
        0.029345527291297913
      ],
      [
        0.5123212191848298,
        0.8303614050529003,
        -0.2191504172287682,
        0.03693694248795509
      ],
      [
        -0.3411670251934439,
        0.4309715494836481,
        0.8353852910222442,
        -0.3692552447319031
      ],
      [
        0.0,
        0.0,
        0.0,
        1.0
      ]
    ],
    [
      [
        0.7937668257727044,
        -0.4443588710638647,
        0.4153064170098654,
        0.03260042890906334
      ],
      [
        0.4313383532377176,
        0.8926714460308005,
        0.13070927460380638,
        0.03507173806428909
      ],
      [
        -0.42881400551859133,
        0.07538490000077602,
        0.9002420038650574,
        -0.3545752167701721
      ],
      [
        0.0,
        0.0,
        0.0,
        1.0
      ]
    ],
    [
      [
        0.8129694838830441,
        -0.4798341958898119,
        0.3299087187840216,
        0.03593365475535393
      ],
      [
        0.2479202724984647,
        0.797857245619287,
        0.5495082839203536,
        0.03598247468471527
      ],
      [
        -0.5268929272245206,
        -0.36494240650763304,
        0.7675942177825428,
        -0.3509846031665802
      ],
      [
        0.0,
        0.0,
        0.0,
        1.0
      ]
    ],
    [
      [
        0.8401707026028151,
        -0.4764325941461805,
        0.2590852634231301,
        0.03804175555706024
      ],
      [
        0.11644027674981444,
        0.6250656915324404,
        0.7718384178178089,
        0.038377925753593445
      ],
      [
        -0.5296742890100656,
        -0.618308066019046,
        0.5806378243427384,
        -0.3572818636894226
      ],
      [
        0.0,
        0.0,
        0.0,
        1.0
      ]
    ],
    [
      [
        0.8574834118550139,
        -0.4814706431632443,
        0.18140622416404711,
        0.04061252623796463
      ],
      [
        -0.029477335244331243,
        0.30602833422629394,
        0.9515659437777149,
        0.03608342260122299
      ],
      [
        -0.5136665115621009,
        -0.8212993841606431,
        0.24822174859784218,
        -0.36549267172813416
      ],
      [
        0.0,
        0.0,
        0.0,
        1.0
      ]
    ],
    [
      [
        0.8949688464892143,
        -0.4253202226586934,
        0.13466058076261436,
        0.03995732218027115
      ],
      [
        -0.25043914776785103,
        -0.22917126474577804,
        0.9406172253792362,
        0.04233694449067116
      ],
      [
        -0.36920319213012986,
        -0.8755473942696534,
        -0.31161797654907913,
        -0.37765413522720337
      ],
      [
        0.0,
        0.0,
        0.0,
        1.0
      ]
    ],
    [
      [
        0.8909906199843405,
        -0.41907271253546063,
        0.1746819301132545,
        0.04109013080596924
      ],
      [
        -0.4059752616971327,
        -0.5631191661676556,
        0.7197783628205205,
        0.049904074519872665
      ],
      [
        -0.20327272810159586,
        -0.7122323120322578,
        -0.6718670491304951,
        -0.37478548288345337
      ],
      [
        0.0,
        0.0,
        0.0,
        1.0
      ]
    ],
    [
      [
        0.8599552934612844,
        -0.49322521885780657,
        0.13117079221604522,
        0.04587031900882721
      ],
      [
        -0.45511890369538244,
        -0.6247920580764141,
        0.6344301913242715,
        0.05529218912124634
      ],
      [
        -0.2309625007377374,
        -0.6052799085111841,
        -0.7617693585368627,
        -0.3779169023036957
      ],
      [
        0.0,
        0.0,
        0.0,
        1.0
      ]
    ],
    [
      [
        0.8818941966380475,
        -0.4557349660813639,
        0.12069907467313455,
        0.056572262197732925
      ],
      [
        -0.44694933391325353,
        -0.7267483214332515,
        0.5216063364343364,
        0.058098141103982925
      ],
      [
        -0.14999639612547955,
        -0.5139479720601778,
        -0.8446055666194717,
        -0.36980730295181274
      ],
      [
        0.0,
        0.0,
        0.0,
        1.0
      ]
    ],
    [
      [
        0.9296694698738639,
        -0.33265263455688243,
        0.1582937191009622,
        0.060313720256090164
      ],
      [
        -0.36567257250760776,
        -0.7811299289736766,
        0.5060826056853244,
        0.06317030638456345
      ],
      [
        -0.04470175052632133,
        -0.5283732192153047,
        -0.8478345916014152,
        -0.35718443989753723
      ],
      [
        0.0,
        0.0,
        0.0,
        1.0
      ]
    ],
    [
      [
        0.935750883364823,
        -0.3005855134765823,
        0.184441409043557,
        0.0561988465487957
      ],
      [
        -0.35215375796741194,
        -0.7683630562164486,
        0.5344211303748647,
        0.05882628262042999
      ],
      [
        -0.018921285140888658,
        -0.5650367801566001,
        -0.8248487267607796,
        -0.3497650921344757
      ],
      [
        0.0,
        0.0,
        0.0,
        1.0
      ]
    ],
    [
      [
        0.9283931466169209,
        -0.3299965843945946,
        0.17084618697130383,
        0.05477463826537132
      ],
      [
        -0.37034462725037537,
        -0.7839180734504759,
        0.4983144701736792,
        0.054154857993125916
      ],
      [
        -0.030512659364811942,
        -0.5259037064003212,
        -0.8499966289420751,
        -0.34635403752326965
      ],
      [
        0.0,
        0.0,
        0.0,
        1.0
      ]
    ],
    [
      [
        0.8957761330029483,
        -0.3877243339541441,
        0.21738206090222753,
        0.05649910494685173
      ],
      [
        -0.4427881297342726,
        -0.7353839714029058,
        0.5129805910267125,
        0.049122899770736694
      ],
      [
        -0.03903577472920691,
        -0.5557699663201545,
        -0.8304191428596677,
        -0.34124675393104553
      ],
      [
        0.0,
        0.0,
        0.0,
        1.0
      ]
    ],
    [
      [
        0.8657107768971227,
        -0.47003035921114805,
        0.17209390513327105,
        0.060177017003297806
      ],
      [
        -0.47613961519126774,
        -0.6672528103994256,
        0.5727693723127832,
        0.04397787153720856
      ],
      [
        -0.15438885196053403,
        -0.5777933440546951,
        -0.8014480232406846,
        -0.3424212336540222
      ],
      [
        0.0,
        0.0,
        0.0,
        1.0
      ]
    ],
    [
      [
        0.8404902326626086,
        -0.5283117231405257,
        0.12026176446004182,
        0.058485422283411026
      ],
      [
        -0.47494301425491364,
        -0.6115361586411086,
        0.6328132899085903,
        0.04073610156774521
      ],
      [
        -0.2607782621485366,
        -0.5889908741795287,
        -0.764908130512432,
        -0.32460108399391174
      ],
      [
        0.0,
        0.0,
        0.0,
        1.0
      ]
    ],
    [
      [
        0.772853032592981,
        -0.6343038563545809,
        0.018889357467638035,
        0.06338556110858917
      ],
      [
        -0.3883079817278725,
        -0.44916262189158784,
        0.804655112717182,
        0.03627795726060867
      ],
      [
        -0.5019114477059268,
        -0.6292150323293159,
        -0.5934419447195817,
        -0.3093718886375427
      ],
      [
        0.0,
        0.0,
        0.0,
        1.0
      ]
    ],
    [
      [
        0.790106299962074,
        -0.5858306138456901,
        0.1803732980277924,
        0.06612688302993774
      ],
      [
        -0.4661697157130373,
        -0.38320807879792673,
        0.7973941086414095,
        0.03749459609389305
      ],
      [
        -0.3980173751386577,
        -0.714110677854059,
        -0.5758716079670444,
        -0.3097441792488098
      ],
      [
        0.0,
        0.0,
        0.0,
        1.0
      ]
    ],
    [
      [
        0.7395497422400847,
        -0.5333550749908221,
        0.4106075288327757,
        0.06390742212533951
      ],
      [
        -0.5147987054120543,
        -0.055180486851324706,
        0.8555334048281948,
        0.030908670276403427
      ],
      [
        -0.43364555994348336,
        -0.8440897332940291,
        -0.315379216957804,
        -0.322608083486557
      ],
      [
        0.0,
        0.0,
        0.0,
        1.0
      ]
    ],
    [
      [
        0.7487200032913419,
        -0.4412491660697274,
        0.4946893268650366,
        0.05584164708852768
      ],
      [
        -0.42199548234208284,
        0.258240961688508,
        0.869040516080273,
        0.026792462915182114
      ],
      [
        -0.5112124505078938,
        -0.8594246791598228,
        0.0071450190167426375,
        -0.3273550570011139
      ],
      [
        0.0,
        0.0,
        0.0,
        1.0
      ]
    ],
    [
      [
        0.6923790208102718,
        -0.3013378492164246,
        0.6555965162898815,
        0.05560394749045372
      ],
      [
        -0.2811699667472345,
        0.7241062007402463,
        0.6297727049093865,
        0.02562718093395233
      ],
      [
        -0.6644958550218117,
        -0.6203754594430259,
        0.4166287891873126,
        -0.3317106068134308
      ],
      [
        0.0,
        0.0,
        0.0,
        1.0
      ]
    ],
    [
      [
        0.7112813812893044,
        -0.10991177296945986,
        0.6942609010983471,
        0.05696059390902519
      ],
      [
        -0.4048735993564748,
        0.7433320230359959,
        0.5324799264510787,
        0.027699947357177734
      ],
      [
        -0.5745921729151136,
        -0.659830967515108,
        0.4842178529678194,
        -0.32754620909690857
      ],
      [
        0.0,
        0.0,
        0.0,
        1.0
      ]
    ],
    [
      [
        0.8907624207210347,
        -0.10279091505253637,
        0.4426921476758592,
        0.05537069961428642
      ],
      [
        -0.3873742738559557,
        0.3376667272427485,
        0.8578591686679944,
        0.035810686647892
      ],
      [
        -0.23766253761536218,
        -0.9356362589681064,
        0.26096227527823457,
        -0.34171709418296814
      ],
      [
        0.0,
        0.0,
        0.0,
        1.0
      ]
    ],
    [
      [
        0.8878841247173068,
        -0.026737188709426984,
        0.4592895642346971,
        0.06362781673669815
      ],
      [
        -0.4597387284111391,
        -0.01384891086380452,
        0.8879462310673968,
        0.044259823858737946
      ],
      [
        -0.017380525708111494,
        -0.9995465624010732,
        -0.024588349239157703,
        -0.3433627188205719
      ],
      [
        0.0,
        0.0,
        0.0,
        1.0
      ]
    ],
    [
      [
        0.884960815761216,
        0.04839506679736766,
        0.4631438999673012,
        0.06812778860330582
      ],
      [
        -0.4651609703763417,
        0.04558599242816419,
        0.8840515759461546,
        0.04986047372221947
      ],
      [
        0.021670860753172455,
        -0.9977874697569707,
        0.06285331327940424,
        -0.3510798215866089
      ],
      [
        0.0,
        0.0,
        0.0,
        1.0
      ]
    ],
    [
      [
        0.8394254346650799,
        0.323239957449299,
        0.43689915260334045,
        0.06246812641620636
      ],
      [
        -0.521716250660209,
        0.254081213327776,
        0.8144046235323933,
        0.03836226090788841
      ],
      [
        0.15224024906178932,
        -0.9115693429147672,
        0.3819217716019131,
        -0.33891260623931885
      ],
      [
        0.0,
        0.0,
        0.0,
        1.0
      ]
    ],
    [
      [
        0.775307499487564,
        0.5689012096824014,
        0.2743167783061053,
        0.053289372473955154
      ],
      [
        -0.5489969801512634,
        0.39231129607626664,
        0.7380339848243798,
        0.03202744200825691
      ],
      [
        0.3122508559205787,
        -0.7228023662059082,
        0.616486936101655,
        -0.33192548155784607
      ],
      [
        0.0,
        0.0,
        0.0,
        1.0
      ]
    ],
    [
      [
        0.6296934498692954,
        0.7766858333005668,
        0.01566127523253369,
        0.04284698888659477
      ],
      [
        -0.5992908364451808,
        0.47284617388805694,
        0.6459620648244453,
        0.018847914412617683
      ],
      [
        0.4943042105268177,
        -0.41614373981790176,
        0.7632088411868863,
        -0.31980571150779724
      ],
      [
        0.0,
        0.0,
        0.0,
        1.0
      ]
    ],
    [
      [
        0.43614502268629196,
        0.8962343155346194,
        -0.08087997801783814,
        0.04057418555021286
      ],
      [
        -0.7245526791527724,
        0.4030515160253748,
        0.5590821858744799,
        0.024927230551838875
      ],
      [
        0.533667437941002,
        -0.18523910787908485,
        0.8251578870698912,
        -0.32555240392684937
      ],
      [
        0.0,
        0.0,
        0.0,
        1.0
      ]
    ],
    [
      [
        0.4742219400440689,
        0.8629292779464078,
        -0.17454687864218751,
        0.04278222471475601
      ],
      [
        -0.6753190385621967,
        0.48373196664989404,
        0.5567293602788127,
        0.03691694512963295
      ],
      [
        0.5648519697551472,
        -0.14613844704223747,
        0.8121488820159845,
        -0.3232029974460602
      ],
      [
        0.0,
        0.0,
        0.0,
        1.0
      ]
    ],
    [
      [
        0.3695483379501919,
        0.8700132656427494,
        -0.3263601438961094,
        0.041507359594106674
      ],
      [
        -0.8235404505819272,
        0.46932654586280836,
        0.31861217742547315,
        0.047231532633304596
      ],
      [
        0.43036629999753323,
        0.1510281793379093,
        0.8899299617791893,
        -0.3341257870197296
      ],
      [
        0.0,
        0.0,
        0.0,
        1.0
      ]
    ],
    [
      [
        0.3823208593649488,
        0.8546987834207476,
        -0.3511705427759295,
        0.04062608256936073
      ],
      [
        -0.8053148030470483,
        0.4945559964766418,
        0.3269287909351052,
        0.04925677180290222
      ],
      [
        0.4530991375932434,
        0.15781114019006956,
        0.8773806560120693,
        -0.34440988302230835
      ],
      [
        0.0,
        0.0,
        0.0,
        1.0
      ]
    ],
    [
      [
        0.4334750017992822,
        0.798057612456661,
        -0.4185731358019602,
        0.04184969514608383
      ],
      [
        -0.8561832740374045,
        0.5096314298265052,
        0.08500592327351483,
        0.04446560516953468
      ],
      [
        0.28115764985805236,
        0.32152737509108886,
        0.9041960644646332,
        -0.34087124466896057
      ],
      [
        0.0,
        0.0,
        0.0,
        1.0
      ]
    ],
    [
      [
        0.5033956824233491,
        0.763232851815581,
        -0.4050535777239668,
        0.04158216342329979
      ],
      [
        -0.8540535840146165,
        0.5106315598115106,
        -0.09923651422864324,
        0.034528303891420364
      ],
      [
        0.1310925724414573,
        0.3958926925745392,
        0.9088914750490084,
        -0.33294588327407837
      ],
      [
        0.0,
        0.0,
        0.0,
        1.0
      ]
    ],
    [
      [
        0.645864400132264,
        0.6514581866766498,
        -0.39807211363490647,
        0.036604657769203186
      ],
      [
        -0.757734888599779,
        0.6106844677777563,
        -0.23000504214838152,
        0.02672344632446766
      ],
      [
        0.09325778916782834,
        0.45018519725438494,
        0.8880519539602167,
        -0.3500945568084717
      ],
      [
        0.0,
        0.0,
        0.0,
        1.0
      ]
    ],
    [
      [
        0.7399194830936852,
        0.5876657432419472,
        -0.3273654422175053,
        0.03710591793060303
      ],
      [
        -0.672661592786783,
        0.6512419853642754,
        -0.351297961975791,
        0.030853115022182465
      ],
      [
        0.0067483426054976425,
        0.48013836622236916,
        0.8771668080549971,
        -0.35504743456840515
      ],
      [
        0.0,
        0.0,
        0.0,
        1.0
      ]
    ],
    [
      [
        0.810764669460563,
        0.528922107731993,
        -0.25080282037259827,
        0.03964649513363838
      ],
      [
        -0.5708465479401141,
        0.6195461983818502,
        -0.5387919141704447,
        0.034817010164260864
      ],
      [
        -0.1295950209666974,
        0.580003372423767,
        0.8042395280746266,
        -0.35493338108062744
      ],
      [
        0.0,
        0.0,
        0.0,
        1.0
      ]
    ],
    [
      [
        0.8610161692830562,
        0.48306198952697676,
        -0.15906687432451422,
        0.04399649053812027
      ],
      [
        -0.44594320563725165,
        0.5667281965028013,
        -0.6927869864790004,
        0.03437817096710205
      ],
      [
        -0.2445113771976749,
        0.6674355890742729,
        0.7033803529087055,
        -0.35861876606941223
      ],
      [
        0.0,
        0.0,
        0.0,
        1.0
      ]
    ],
    [
      [
        0.8905988121301838,
        0.44569848706679843,
        -0.0904799119068551,
        0.045356620103120804
      ],
      [
        -0.3304325803915254,
        0.4974412374851,
        -0.8021013184536542,
        0.028420260176062584
      ],
      [
        -0.31248690476258906,
        0.7442479921878588,
        0.5902938763668799,
        -0.36017194390296936
      ],
      [
        0.0,
        0.0,
        0.0,
        1.0
      ]
    ],
    [
      [
        0.9031475692738372,
        0.4235324073866018,
        -0.07031904441948295,
        0.04753853753209114
      ],
      [
        -0.2528607189439408,
        0.3923730617178903,
        -0.8843669132511021,
        0.024510689079761505
      ],
      [
        -0.3469667490263484,
        0.8164947521763006,
        0.46146548596688,
        -0.3703237771987915
      ],
      [
        0.0,
        0.0,
        0.0,
        1.0
      ]
    ],
    [
      [
        0.8728698285321783,
        0.4790146373390495,
        -0.09296902523499281,
        0.046065498143434525
      ],
      [
        -0.20218325033141818,
        0.18164466347747643,
        -0.9623550018135603,
        0.018519766628742218
      ],
      [
        -0.4440948048825035,
        0.8588074251222408,
        0.2554008825969045,
        -0.3690028488636017
      ],
      [
        0.0,
        0.0,
        0.0,
        1.0
      ]
    ],
    [
      [
        0.8511326654572549,
        0.5139518960985607,
        -0.10689543623711273,
        0.04349976405501366
      ],
      [
        -0.10077988567784099,
        -0.03986509726832027,
        -0.9941097467898342,
        0.017241595312952995
      ],
      [
        -0.5151859862558276,
        0.8568921883857276,
        0.017865526836024326,
        -0.3615618050098419
      ],
      [
        0.0,
        0.0,
        0.0,
        1.0
      ]
    ],
    [
      [
        0.808574238028096,
        0.569119905065723,
        -0.1493661114686529,
        0.039510905742645264
      ],
      [
        -0.014574860841677417,
        -0.23440317942004268,
        -0.9720302067884623,
        0.017899759113788605
      ],
      [
        -0.5882136304343256,
        0.7881355740833917,
        -0.1812375287723625,
        -0.35425251722335815
      ],
      [
        0.0,
        0.0,
        0.0,
        1.0
      ]
    ],
    [
      [
        0.786229386268815,
        0.5826619000897078,
        -0.20578742029389002,
        0.038903843611478806
      ],
      [
        0.1300716118394623,
        -0.48161293242063935,
        -0.8666777712152752,
        0.01874338462948799
      ],
      [
        -0.6040899998848241,
        0.6546404307014991,
        -0.4544460127783156,
        -0.3738900423049927
      ],
      [
        0.0,
        0.0,
        0.0,
        1.0
      ]
    ],
    [
      [
        0.7332152508864488,
        0.6068548867761696,
        -0.30679397364258043,
        0.03599267452955246
      ],
      [
        0.22807377853451305,
        -0.6445070540152565,
        -0.7297897018111212,
        0.015083884820342064
      ],
      [
        -0.6406073270050163,
        0.46512127850750673,
        -0.6109700883570575,
        -0.3787081241607666
      ],
      [
        0.0,
        0.0,
        0.0,
        1.0
      ]
    ],
    [
      [
        0.7285016497083447,
        0.5979916368657022,
        -0.3342025562602688,
        0.0346367210149765
      ],
      [
        0.26369035062222757,
        -0.6950492482396725,
        -0.668860180837664,
        0.0156635083258152
      ],
      [
        -0.632260029861881,
        0.39913975592534506,
        -0.664029148365423,
        -0.38031402230262756
      ],
      [
        0.0,
        0.0,
        0.0,
        1.0
      ]
    ],
    [
      [
        0.8153098691415581,
        0.54977612301691,
        -0.18170314207759522,
        0.03660406544804573
      ],
      [
        0.12815331904867877,
        -0.47736052583576527,
        -0.8693121736123388,
        0.022737499326467514
      ],
      [
        -0.5646649839481663,
        0.6854729337722221,
        -0.45965238275083486,
        -0.3802180290222168
      ],
      [
        0.0,
        0.0,
        0.0,
        1.0
      ]
    ],
    [
      [
        0.8157195794832358,
        0.5409698507477081,
        -0.20482477445293398,
        0.037888724356889725
      ],
      [
        -0.35683861442593134,
        0.19191702270997546,
        -0.914239607350677,
        0.025380099192261696
      ],
      [
        -0.4552667030458897,
        0.8188525367709018,
        0.3495894050476708,
        -0.3901911973953247
      ],
      [
        0.0,
        0.0,
        0.0,
        1.0
      ]
    ],
    [
      [
        0.831134586038985,
        0.5273418012178507,
        -0.17642540797208878,
        0.04196717217564583
      ],
      [
        -0.5123307094844437,
        0.6028528376557155,
        -0.6116254574898089,
        0.03705821931362152
      ],
      [
        -0.2161771125928268,
        0.5987312258591199,
        0.7712252428261565,
        -0.3764686584472656
      ],
      [
        0.0,
        0.0,
        0.0,
        1.0
      ]
    ],
    [
      [
        0.821541900897589,
        0.5277015652973346,
        -0.21587024587079834,
        0.03886803239583969
      ],
      [
        -0.5679555760442444,
        0.7906283527379308,
        -0.22876466398278547,
        0.042931392788887024
      ],
      [
        0.04995366562952669,
        0.31054446675097774,
        0.9492453663097462,
        -0.3426071107387543
      ],
      [
        0.0,
        0.0,
        0.0,
        1.0
      ]
    ],
    [
      [
        0.7989433763442424,
        0.5811102692542859,
        -0.15492041945099952,
        0.03594597429037094
      ],
      [
        -0.5694701476309675,
        0.8138134645682795,
        0.11580758111858491,
        0.04726928099989891
      ],
      [
        0.19337329793129746,
        -0.004301145729329832,
        0.9811158279186962,
        -0.3498465120792389
      ],
      [
        0.0,
        0.0,
        0.0,
        1.0
      ]
    ],
    [
      [
        0.7857956887933782,
        0.6072647393431763,
        -0.11728031302910417,
        0.03676023706793785
      ],
      [
        -0.5391253178282125,
        0.7654676372722381,
        0.3512878989738851,
        0.050165340304374695
      ],
      [
        0.3030990385177252,
        -0.21281173050215466,
        0.9288929648836345,
        -0.3630143105983734
      ],
      [
        0.0,
        0.0,
        0.0,
        1.0
      ]
    ],
    [
      [
        0.8327708667608674,
        0.5349728950035717,
        -0.14246643494469535,
        0.040892764925956726
      ],
      [
        -0.34269299188533986,
        0.7002386521632299,
        0.6262805627905895,
        0.05407007411122322
      ],
      [
        0.4348036301447218,
        -0.47272595827616726,
        0.7664698112677703,
        -0.3696095049381256
      ],
      [
        0.0,
        0.0,
        0.0,
        1.0
      ]
    ],
    [
      [
        0.8209852413913763,
        0.5370405503372282,
        -0.1938315782090995,
        0.04180600494146347
      ],
      [
        -0.28209917154295283,
        0.6767044349150495,
        0.6800670299177007,
        0.055813491344451904
      ],
      [
        0.49639026061388725,
        -0.5036452670876499,
        0.7070630481844506,
        -0.36260634660720825
      ],
      [
        0.0,
        0.0,
        0.0,
        1.0
      ]
    ],
    [
      [
        0.7090751985637367,
        0.6508550713356915,
        -0.2712932710157212,
        0.038567475974559784
      ],
      [
        -0.31259760489719635,
        0.635016438119103,
        0.7064254105926996,
        0.06068261340260506
      ],
      [
        0.6320562476507403,
        -0.4161031115422472,
        0.6537301433852707,
        -0.3550947606563568
      ],
      [
        0.0,
        0.0,
        0.0,
        1.0
      ]
    ],
    [
      [
        0.4620561847247417,
        0.8432568029957673,
        -0.2746307454728494,
        0.030764080584049225
      ],
      [
        -0.5581973069690916,
        0.5171641997544898,
        0.6488119581086278,
        0.0643051341176033
      ],
      [
        0.6891442872505503,
        -0.14648943543360293,
        0.7096625935303871,
        -0.3545469343662262
      ],
      [
        0.0,
        0.0,
        0.0,
        1.0
      ]
    ],
    [
      [
        0.25349090120748585,
        0.8553200855160381,
        -0.45185165078580164,
        0.02768867090344429
      ],
      [
        -0.5043521150273866,
        0.5154554159241488,
        0.6927731650849829,
        0.06922178715467453
      ],
      [
        0.8254521833955124,
        0.052280641802680494,
        0.5620457520703109,
        -0.3645773231983185
      ],
      [
        0.0,
        0.0,
        0.0,
        1.0
      ]
    ],
    [
      [
        0.2778227782854711,
        0.8101662141393869,
        -0.5161833098161883,
        0.030855508521199226
      ],
      [
        -0.45178900939670663,
        0.5843977201764877,
        0.6740667590386473,
        0.0657363086938858
      ],
      [
        0.8477624636972814,
        0.045934846462968804,
        0.528383189575841,
        -0.37399423122406006
      ],
      [
        0.0,
        0.0,
        0.0,
        1.0
      ]
    ],
    [
      [
        0.5008862808264586,
        0.6618975158699075,
        -0.5576778749108516,
        0.04737110435962677
      ],
      [
        -0.5323401127281179,
        0.7436426526968217,
        0.4044868470922741,
        0.06494934111833572
      ],
      [
        0.6824418935414595,
        0.09427239031275045,
        0.7248350007858807,
        -0.3669530153274536
      ],
      [
        0.0,
        0.0,
        0.0,
        1.0
      ]
    ],
    [
      [
        0.5136369230284439,
        0.47366300413234985,
        -0.7154162912725638,
        0.06445713341236115
      ],
      [
        -0.5690499054978763,
        0.8121016996635992,
        0.1291241048617625,
        0.06299714744091034
      ],
      [
        0.6421520975242007,
        0.34078466503029575,
        0.6866633059407343,
        -0.35511720180511475
      ],
      [
        0.0,
        0.0,
        0.0,
        1.0
      ]
    ],
    [
      [
        0.5204536787639896,
        0.1471390957471858,
        -0.841117146872973,
        0.07143444567918777
      ],
      [
        -0.6938662190307823,
        0.6469869451797221,
        -0.31616065987870456,
        0.06104788929224014
      ],
      [
        0.49767221978824233,
        0.7481697529770313,
        0.4388215837687701,
        -0.3546229600906372
      ],
      [
        0.0,
        0.0,
        0.0,
        1.0
      ]
    ],
    [
      [
        0.40800392278302267,
        -0.024446236134081367,
        -0.9126528258503023,
        0.06975959241390228
      ],
      [
        -0.7066859524031553,
        0.6244496737018009,
        -0.33265232554389246,
        0.05660746991634369
      ],
      [
        0.578037856606045,
        0.780682385194255,
        0.23750210478582756,
        -0.37146130204200745
      ],
      [
        0.0,
        0.0,
        0.0,
        1.0
      ]
    ],
    [
      [
        0.39563346713276615,
        -0.18976461991979016,
        -0.8985897555120489,
        0.06610605120658875
      ],
      [
        -0.7722036483606896,
        0.4609208828573372,
        -0.43732535394652455,
        0.05070250481367111
      ],
      [
        0.4971676630101224,
        0.866914833632872,
        0.035818795126902336,
        -0.37376490235328674
      ],
      [
        0.0,
        0.0,
        0.0,
        1.0
      ]
    ],
    [
      [
        0.4644529140969456,
        -0.3672019204367847,
        -0.8058822744138207,
        0.06309188902378082
      ],
      [
        -0.7159659280218478,
        0.37988818637628435,
        -0.5857283976072458,
        0.052398085594177246
      ],
      [
        0.5212257481156027,
        0.8490275116150683,
        -0.08646388854345838,
        -0.3665330111980438
      ],
      [
        0.0,
        0.0,
        0.0,
        1.0
      ]
    ],
    [
      [
        0.5030090160542973,
        -0.5983715035781294,
        -0.6236453106323627,
        0.058838434517383575
      ],
      [
        -0.698920292007726,
        0.14285384113653316,
        -0.7007875608858745,
        0.05501338094472885
      ],
      [
        0.5084214346267499,
        0.7883808240807146,
        -0.34635721594026386,
        -0.36177828907966614
      ],
      [
        0.0,
        0.0,
        0.0,
        1.0
      ]
    ],
    [
      [
        0.548749983565064,
        -0.6972429194923815,
        -0.4612220362852176,
        0.056241244077682495
      ],
      [
        -0.7176097545854982,
        -0.10985175394045799,
        -0.6877272949941322,
        0.05344796180725098
      ],
      [
        0.42884693733438634,
        0.7083677740933347,
        -0.5606294685128239,
        -0.36969372630119324
      ],
      [
        0.0,
        0.0,
        0.0,
        1.0
      ]
    ],
    [
      [
        0.5876919499437113,
        -0.7847206752009209,
        -0.19705743803157721,
        0.05480743572115898
      ],
      [
        -0.7030828585047043,
        -0.3747963761191209,
        -0.6043195930340404,
        0.04962210729718208
      ],
      [
        0.40036566542126456,
        0.4937014668402202,
        -0.771988468561288,
        -0.37833094596862793
      ],
      [
        0.0,
        0.0,
        0.0,
        1.0
      ]
    ],
    [
      [
        0.5632094406825714,
        -0.8169243825145638,
        -0.12421625972159844,
        0.05038284510374069
      ],
      [
        -0.7866571147525412,
        -0.4840756285557512,
        -0.3831988643610018,
        0.04846480116248131
      ],
      [
        0.25291443164681626,
        0.31353682254490134,
        -0.915275341726857,
        -0.38417935371398926
      ],
      [
        0.0,
        0.0,
        0.0,
        1.0
      ]
    ],
    [
      [
        0.5891425480846626,
        -0.7966413370433956,
        -0.13518002126801973,
        0.04569461941719055
      ],
      [
        -0.7998698476692592,
        -0.5512599479385969,
        -0.23731981920668108,
        0.04765164107084274
      ],
      [
        0.11453944659316032,
        0.24794162601799366,
        -0.961980075293499,
        -0.3802684247493744
      ],
      [
        0.0,
        0.0,
        0.0,
        1.0
      ]
    ],
    [
      [
        0.6280486584178748,
        -0.7663004600202747,
        -0.13541967224972531,
        0.043043456971645355
      ],
      [
        -0.7780922699379336,
        -0.6209238625009142,
        -0.09500513901773847,
        0.04604669660329819
      ],
      [
        -0.011282824218324161,
        0.1650368502779341,
        -0.9862228632150023,
        -0.37479639053344727
      ],
      [
        0.0,
        0.0,
        0.0,
        1.0
      ]
    ],
    [
      [
        0.6185640731533818,
        -0.7857191253751588,
        0.004893201773236863,
        0.040980495512485504
      ],
      [
        -0.7458139825145542,
        -0.5851658721068838,
        0.3183432198228362,
        0.0473354235291481
      ],
      [
        -0.24726502156527963,
        -0.200565097016121,
        -0.9479628953546841,
        -0.379567950963974
      ],
      [
        0.0,
        0.0,
        0.0,
        1.0
      ]
    ],
    [
      [
        0.5891849529914797,
        -0.8078568548452061,
        -0.015112685004303683,
        0.037550944834947586
      ],
      [
        -0.5838215847839814,
        -0.43857319553224805,
        0.6832319586355375,
        0.045336537063121796
      ],
      [
        -0.5585816397884451,
        -0.3937268777214021,
        -0.7300449968673217,
        -0.37827029824256897
      ],
      [
        0.0,
        0.0,
        0.0,
        1.0
      ]
    ],
    [
      [
        0.5381786392277857,
        -0.8416633519123081,
        -0.04434584903536082,
        0.03518643230199814
      ],
      [
        -0.3935688915477441,
        -0.297486807155251,
        0.8698305163504294,
        0.044113874435424805
      ],
      [
        -0.7452967730272344,
        -0.4506710569986858,
        -0.49135355753151766,
        -0.3720746338367462
      ],
      [
        0.0,
        0.0,
        0.0,
        1.0
      ]
    ],
    [
      [
        0.4771572385150937,
        -0.8679950084635695,
        -0.13749776367264205,
        0.03439987823367119
      ],
      [
        -0.17683397575897186,
        -0.24808770453559958,
        0.9524611466487923,
        0.04481343552470207
      ],
      [
        -0.8608430256149637,
        -0.43015945431965663,
        -0.2718678522913106,
        -0.3809058666229248
      ],
      [
        0.0,
        0.0,
        0.0,
        1.0
      ]
    ],
    [
      [
        0.3334701173364134,
        -0.9384973210990137,
        -0.08955701610490108,
        0.02910260111093521
      ],
      [
        0.06760969659951432,
        -0.07094331511360763,
        0.995186402120936,
        0.03997207432985306
      ],
      [
        -0.9403332439988286,
        -0.3379198489740818,
        0.039794043523792344,
        -0.3880080580711365
      ],
      [
        0.0,
        0.0,
        0.0,
        1.0
      ]
    ],
    [
      [
        0.10923335518801475,
        -0.9885685494393199,
        0.10392447822244671,
        0.02599637396633625
      ],
      [
