{
  "object_poses": [
    [
      [
        0.9888958538646154,
        -0.02495997897929429,
        0.14649911146053685,
        0.012964599765837193
      ],
      [
        0.03552691441939474,
        0.9969168135802638,
        -0.06996216944042684,
        0.027396945282816887
      ],
      [
        -0.14430117311099938,
        0.07438996068238764,
        0.9867336546345536,
        -0.36738479137420654
      ],
      [
        0.0,
        0.0,
        0.0,
        1.0
      ]
    ],
    [
      [
        0.9740737958979846,
        0.024277226334685903,
        0.2249241125944169,
        0.010542234405875206
      ],
      [
        -0.0027274788532025297,
        0.995413376145915,
        -0.09562829836871675,
        0.02707722783088684
      ],
      [
        -0.22621406013773068,
        0.09253554382660437,
        0.969672301411522,
        -0.3710040748119354
      ],
      [
        0.0,
        0.0,
        0.0,
        1.0
      ]
    ],
    [
      [
        0.9387559723074241,
        0.039649282336811656,
        0.34229396557245717,
        0.013706455007195473
      ],
      [
        -0.011345294033394371,
        0.9963758928125306,
        -0.08429925578158046,
        0.028315376490354538
      ],
      [
        -0.3443958605448656,
        0.07525300414075373,
        0.9358036528072293,
        -0.37289127707481384
      ],
      [
        0.0,
        0.0,
        0.0,
        1.0
      ]
    ],
    [
      [
        0.8993286195575032,
        0.10231721508399894,
        0.4251343570475698,
        0.016314467415213585
      ],
      [
        -0.031937825583120825,
        0.9850122138901882,
        -0.16950195805409546,
        0.026466816663742065
      ],
      [
        -0.4361055025355883,
        0.13886009500430596,
        0.8891174639346464,
        -0.3676723539829254
      ],
      [
        0.0,
        0.0,
        0.0,
        1.0
      ]
    ],
    [
      [
        0.7750110375481132,
        0.12003497969676064,
        0.6204429831401067,
        0.022299692034721375
      ],
      [
        -0.03504525611787029,
        0.9884476007350791,
        -0.1474556564689804,
        0.03006327524781227
      ],
      [
        -0.6309752148081803,
        0.09253617806168217,
        0.7702644572142132,
        -0.35559603571891785
      ],
      [
        0.0,
        0.0,
        0.0,
        1.0
      ]
    ],
    [
      [
        0.6274388868272059,
        0.13851530713795027,
        0.7662466658886781,
        0.029422659426927567
      ],
      [
        -0.007021998175089084,
        0.9850172573934822,
        -0.17231278007928222,
        0.024367690086364746
      ],
      [
        -0.7786341469770416,
        0.1027351562295076,
        0.6190107857184987,
        -0.36013564467430115
      ],
      [
        0.0,
        0.0,
        0.0,
        1.0
      ]
    ],
    [
      [
        0.5045282419071518,
        0.21950553178370194,
        0.8350260921878028,
        0.03458048403263092
      ],
      [
        0.008715121464075326,
        0.9657983764201927,
        -0.25914772382173523,
        0.022082917392253876
      ],
      [
        -0.8633512030315038,
        0.13802469931310907,
        0.4853595395205299,
        -0.3511008620262146
      ],
      [
        0.0,
        0.0,
        0.0,
        1.0
      ]
    ],
    [
      [
        0.32404777968411325,
        0.3202983230644952,
        0.8901696583932013,
        0.041457921266555786
      ],
      [
        0.044546189448939344,
        0.9347325253958234,
        -0.3525489228074957,
        0.023487864062190056
      ],
      [
        -0.9449913615940495,
        0.153896361910276,
        0.2886299296736321,
        -0.34849169850349426
      ],
      [
        0.0,
        0.0,
        0.0,
        1.0
      ]
    ],
    [
      [
        -0.006493536250654144,
        0.41218388813175405,
        0.9110775358615488,
        0.04665527120232582
      ],
      [
        0.200950717937265,
        0.8930486846446488,
        -0.4025951512561486,
        0.02611655555665493
      ],
      [
        -0.9795798297981946,
        0.180467418718873,
        -0.08862769224958826,
        -0.3341970145702362
      ],
      [
        0.0,
        0.0,
        0.0,
        1.0
      ]
    ],
    [
      [
        -0.12424371289237038,
        0.3893822255754974,
        0.9126581957187428,
        0.0423678420484066
      ],
      [
        0.19757757973511644,
        0.9110745986853757,
        -0.3618095847490719,
        0.02173646166920662
      ],
      [
        -0.9723819207455126,
        0.13536823126625597,
        -0.19012848858367734,
        -0.3376113772392273
      ],
      [
        0.0,
        0.0,
        0.0,
        1.0
      ]
    ],
    [
      [
        -0.2620881690278403,
        0.27360101314392304,
        0.9254470688603713,
        0.057117562741041183
      ],
      [
        0.19465992831164314,
        0.954245466343371,
        -0.2269870090397859,
        0.02114333212375641
      ],
      [
        -0.9452075454445652,
        0.12065685048823685,
        -0.30335560068164075,
        -0.34763121604919434
      ],
      [
        0.0,
        0.0,
        0.0,
        1.0
      ]
    ],
    [
      [
        -0.4108539739047798,
        0.304201889810048,
        0.8594534439762551,
        0.06254325807094574
      ],
      [
        0.2741110599401108,
        0.9402918181072781,
        -0.20177815446429845,
        0.018512021750211716
      ],
      [
        -0.8695183373254181,
        0.15268433788868038,
        -0.4697077325511427,
        -0.36056771874427795
      ],
      [
        0.0,
        0.0,
        0.0,
        1.0
      ]
    ],
    [
      [
        -0.5012473293785715,
        0.288854531113909,
        0.815667931603182,
        0.05967997759580612
      ],
      [
        0.27619894966113623,
        0.946736928843809,
        -0.16553950516259683,
        0.031534478068351746
      ],
      [
        -0.8200397886669492,
        0.14231039111166852,
        -0.5543306753055517,
        -0.36215758323669434
      ],
      [
        0.0,
        0.0,
        0.0,
        1.0
      ]
    ],
    [
      [
        -0.499620127052232,
        0.17412287547741417,
        0.848564053492598,
        0.046994250267744064
      ],
      [
        0.20004169122944931,
        0.976303359157283,
        -0.08255345340000893,
        0.04161001741886139
      ],
      [
        -0.8428303805715438,
        0.1285028215008632,
        -0.5226126428359192,
        -0.3714122474193573
      ],
      [
        0.0,
        0.0,
        0.0,
        1.0
      ]
    ],
    [
      [
        -0.45194941306301556,
        -0.025733889880075165,
        0.8916723024427954,
        0.03575616329908371
      ],
      [
        0.05793911115618475,
        0.9966263093886873,
        0.05812967256673311,
        0.047588665038347244
      ],
      [
        -0.8901599785602737,
        0.0779343720442046,
        -0.4489336768651339,
        -0.37226465344429016
      ],
      [
        0.0,
        0.0,
        0.0,
        1.0
      ]
    ],
    [
      [
        -0.4127754923688354,
        -0.21437470155117128,
        0.8852456609520954,
        0.024560578167438507
      ],
      [
        -0.047462824399712986,
        0.9756500116305373,
        0.21413625359881233,
        0.04280387982726097
      ],
      [
        -0.9095953348603257,
        0.04637393815689038,
        -0.41289924274591905,
        -0.3778321146965027
      ],
      [
        0.0,
        0.0,
        0.0,
        1.0
      ]
    ],
    [
      [
        -0.33648531870794884,
        -0.3555203655000943,
        0.8719993692708097,
        0.014714343473315239
      ],
      [
        -0.09840339248960178,
        0.9342004769229637,
        0.3429085027575799,
        0.041942667216062546
      ],
      [
        -0.9365331828827785,
        0.02957598065300912,
        -0.34932915527889363,
        -0.3774421513080597
      ],
      [
        0.0,
        0.0,
        0.0,
        1.0
      ]
    ],
    [
      [
        -0.17609184977745262,
        -0.48010631113788493,
        0.8593541705534031,
        -0.008585138246417046
      ],
      [
        -0.06449844528750112,
        0.8767472284675876,
        0.4766070162407382,
        0.03033585473895073
      ],
      [
        -0.9822584237345335,
        0.028499603154719416,
        -0.18535415188922322,
        -0.36905384063720703
      ],
      [
        0.0,
        0.0,
        0.0,
        1.0
      ]
    ],
    [
      [
        0.0725237006265439,
        -0.5471793695678324,
        0.8338675256698637,
        -0.018043024465441704
      ],
      [
        0.055265796227139924,
        0.8369893461358777,
        0.5444212764233374,
        0.023963596671819687
      ],
      [
        -0.9958343258869978,
        0.0066009070880531096,
        0.0909418683049959,
        -0.36009544134140015
      ],
      [
        0.0,
        0.0,
        0.0,
        1.0
      ]
    ],
    [
      [
        0.33875131928496655,
        -0.6140937815978846,
        0.7128368474521392,
        -0.030574824661016464
      ],
      [
        0.19656620713970172,
        0.7871037585494418,
        0.5846617821339566,
        0.00711396336555481
      ],
      [
        -0.9201137266085138,
        -0.057935314620288336,
        0.3873425220995517,
        -0.3566794693470001
      ],
      [
        0.0,
        0.0,
        0.0,
        1.0
      ]
    ],
    [
      [
        0.4540920774859579,
        -0.6420235841778225,
        0.6177427478521699,
        -0.03239842876791954
      ],
      [
        0.23719068850046285,
        0.7554402932033303,
        0.6107786347716684,
        -0.0014531752094626427
      ],
      [
        -0.8588020507970177,
        -0.13082691146828004,
        0.49532146812197386,
        -0.35479938983917236
      ],
      [
        0.0,
        0.0,
        0.0,
        1.0
      ]
    ],
    [
      [
        0.29737741419584124,
        -0.6636010944135741,
        0.6864402821945271,
        -0.021433014422655106
      ],
      [
        0.08304552015855149,
        0.7342194997950173,
        0.6738138969347178,
        0.01886005327105522
      ],
      [
        -0.95114148006897,
        -0.14337124402704216,
        0.27344939436456556,
        -0.37241131067276
      ],
      [
        0.0,
        0.0,
        0.0,
        1.0
      ]
    ],
    [
      [
        0.16616406457737187,
        -0.7061744120862364,
        0.6882639053137867,
        -0.018743164837360382
      ],
      [
        -0.07858937239825858,
        0.6862632143685906,
        0.7230950913611138,
        0.028790537267923355
      ],
      [
        -0.9829614510188966,
        -0.17424264781949372,
        0.05853448121985076,
        -0.3825191855430603
      ],
      [
        0.0,
        0.0,
        0.0,
        1.0
      ]
    ],
    [
      [
        0.1338724539375194,
        -0.8117079275653696,
        0.5685142095007648,
        -0.03485444560647011
      ],
      [
        -0.16594288782238747,
        0.5472167997354918,
        0.8203759699481776,
        0.03688262403011322
      ],
      [
        -0.9770062047182265,
        -0.20416663394095386,
        -0.06143990175209629,
        -0.39031004905700684
      ],
      [
        0.0,
        0.0,
        0.0,
        1.0
      ]
    ],
    [
      [
        0.32101727722934387,
        -0.8104649230828154,
        0.48999440422582874,
        -0.03691253811120987
      ],
      [
        -0.046078137538029806,
        0.5033990956624113,
        0.8628245219784223,
        0.0308307446539402
      ],
      [
        -0.9459517498061331,
        -0.29955960832300604,
        0.12425509285370262,
        -0.3944055438041687
      ],
      [
        0.0,
        0.0,
        0.0,
        1.0
      ]
    ],
    [
      [
        0.5093293725781063,
        -0.7774177269634734,
        0.3690599789087661,
        -0.04601258039474487
      ],
      [
        0.12122701373033473,
        0.48939351006119597,
        0.8635959723458693,
        0.01754746213555336
      ],
      [
        -0.8519903763372083,
        -0.3951147556254111,
        0.34350651888407263,
        -0.3820900321006775
      ],
      [
        0.0,
        0.0,
        0.0,
        1.0
      ]
    ],
    [
      [
        0.6076988271050627,
        -0.7602912757606064,
        0.22947616768945955,
        -0.05556579306721687
      ],
      [
        0.22144070990088643,
        0.4397107610323985,
        0.8704128093214741,
        6.002187728881836e-05
      ],
      [
        -0.7626704055709275,
        -0.47813347784339355,
        0.4355711535807423,
        -0.3903343379497528
      ],
      [
        0.0,
        0.0,
        0.0,
        1.0
      ]
    ],
    [
      [
        0.6896880675016314,
        -0.7088902800180613,
        0.14766496010150748,
        -0.058854155242443085
      ],
      [
        0.30129412372533293,
        0.4663780749210126,
        0.8316930577091252,
        0.0004728444619104266
      ],
      [
        -0.6584468243939285,
        -0.5291181929672094,
        0.5352398689528518,
        -0.3933124840259552
      ],
      [
        0.0,
        0.0,
        0.0,
        1.0
      ]
    ],
    [
      [
        0.693202286567018,
        -0.7174073532251978,
        0.06926239554530522,
        -0.06188014894723892
      ],
      [
        0.29782240281537364,
        0.37262697025621005,
        0.8788918917699462,
        0.00015921337762847543
      ],
      [
        -0.6563325424504984,
        -0.5886219759540872,
        0.47196584955309084,
        -0.3969050645828247
      ],
      [
        0.0,
        0.0,
        0.0,
        1.0
      ]
    ],
    [
      [
        0.6655343379969265,
        -0.7393160376779069,
        -0.10235155777628685,
        -0.07012273371219635
      ],
      [
        0.30518811800274187,
        0.14441992454443447,
        0.9412773757105417,
        -0.006139136850833893
      ],
      [
        -0.6811198555151194,
        -0.6576888944073935,
        0.321746889023411,
        -0.41555163264274597
      ],
      [
        0.0,
        0.0,
        0.0,
        1.0
      ]
    ],
    [
      [
        0.6476308438728251,
        -0.7495798954252706,
        -0.13676355669114715,
        -0.07550761848688126
      ],
      [
        0.26337670194823604,
        0.051797466600486175,
        0.963301476862068,
        -0.009744277223944664
      ],
      [
        -0.7149874145294044,
        -0.6598840828721448,
        0.23096751770875873,
        -0.41772791743278503
      ],
      [
        0.0,
        0.0,
        0.0,
        1.0
      ]
    ],
    [
      [
        0.6691488948046677,
        -0.7347312912464525,
        -0.11139877129040926,
        -0.07498539239168167
      ],
      [
        0.4459573153091416,
        0.27711217692294865,
        0.851076326966793,
        -0.013477501459419727
      ],
      [
        -0.5944424526427727,
        -0.6191758805576534,
        0.5130881010427935,
        -0.40626680850982666
      ],
      [
        0.0,
        0.0,
        0.0,
        1.0
      ]
    ],
    [
      [
        0.7536993170986765,
        -0.6567966717211617,
        -0.023568441208395657,
        -0.06178924813866615
      ],
      [
        0.47520632015779896,
        0.5198438641469552,
        0.7098882378169439,
        -0.0032435720786452293
      ],
      [
        -0.45400032234247645,
        -0.5462421522775106,
        0.7039198948660004,
        -0.409101277589798
      ],
      [
        0.0,
        0.0,
        0.0,
        1.0
      ]
    ],
    [
      [
        0.7971459186561605,
        -0.6022577937431002,
        -0.042941055477475135,
        -0.048020943999290466
      ],
      [
        0.5294537687888223,
        0.6630515478424361,
        0.5291893343776518,
        0.0017809858545660973
      ],
      [
        -0.2902362676943365,
        -0.4445764217538344,
        0.8474164939009734,
        -0.4095001816749573
      ],
      [
        0.0,
        0.0,
        0.0,
        1.0
      ]
    ],
    [
      [
        0.7794606976188335,
        -0.6007679140462335,
        -0.1775357268836284,
        -0.045408107340335846
      ],
      [
        0.6210368907227369,
        0.7038648724603384,
        0.34480055347668237,
        -0.006381590850651264
      ],
      [
        -0.0821839475140747,
        -0.3790147157683045,
        0.9217340419025842,
        -0.402438223361969
      ],
      [
        0.0,
        0.0,
        0.0,
        1.0
      ]
    ],
    [
      [
        0.7324301990364608,
        -0.5983091345640058,
        -0.32491873297284907,
        -0.04632839933037758
      ],
      [
        0.6551307903261473,
        0.74924717555345,
        0.09712011888283612,
        -0.011218443512916565
      ],
      [
        0.18533658868676967,
        -0.28399797432807333,
        0.9407419941043893,
        -0.4090653955936432
      ],
      [
        0.0,
        0.0,
        0.0,
        1.0
      ]
    ],
    [
      [
        0.7123810550232299,
        -0.5885172464469949,
        -0.38230966908834196,
        -0.04678848385810852
      ],
      [
        0.6057375701239661,
        0.7907257768928342,
        -0.08851407739753875,
        -0.012372718192636967
      ],
      [
        0.35439417120531713,
        -0.16852357814760327,
        0.9197850700158301,
        -0.4095875322818756
      ],
      [
        0.0,
        0.0,
        0.0,
        1.0
      ]
    ],
    [
      [
        0.6254892724365013,
        -0.5946912837617211,
        -0.5050796442984934,
        -0.046463437378406525
      ],
      [
        0.5653736602462325,
        0.7915762881744357,
        -0.2318611746277517,
        -0.020403053611516953
      ],
      [
        0.5376948896601438,
        -0.1405320497887193,
        0.8313452643851091,
        -0.42671823501586914
      ],
      [
        0.0,
        0.0,
        0.0,
        1.0
      ]
    ],
    [
      [
        0.6034585995197971,
        -0.6210942826049254,
        -0.5000796044442101,
        -0.04936676472425461
      ],
      [
        0.5058766889662284,
        0.7829747966040347,
        -0.36199343011087304,
        -0.02498278021812439
      ],
      [
        0.6163817763579406,
        -0.03453056614570324,
        0.7866899934380037,
        -0.41476762294769287
      ],
      [
        0.0,
        0.0,
        0.0,
        1.0
      ]
    ],
    [
      [
        0.6886476551249292,
        -0.5730374759880539,
        -0.44428871041719775,
        -0.04957132041454315
      ],
      [
        0.31179368929597095,
        0.7872118465571216,
        -0.5320547001534092,
        -0.02664213813841343
      ],
      [
        0.654636618595495,
        0.2278718055253152,
        0.7207810609612941,
        -0.3991169333457947
      ],
      [
        0.0,
        0.0,
        0.0,
        1.0
      ]
    ],
    [
      [
        0.770373963996143,
        -0.48049649090664504,
        -0.4191027055785605,
        -0.047841817140579224
      ],
      [
        0.14522167479582948,
        0.7722759486926293,
        -0.6184662676657422,
        -0.02996281161904335
      ],
      [
        0.6208338109078496,
        0.4155875134039755,
        0.664719789036205,
        -0.40350833535194397
      ],
      [
        0.0,
        0.0,
        0.0,
        1.0
      ]
    ],
    [
      [
        0.8618453430585026,
        -0.2661813204916499,
        -0.431706044977012,
        -0.03692878037691116
      ],
      [
        -0.0793882397975038,
        0.7699076350851232,
        -0.633198026544214,
        -0.02074742317199707
      ],
      [
        0.5009192669784487,
        0.5799911534316319,
        0.642409643382491,
        -0.37463289499282837
      ],
      [
        0.0,
        0.0,
        0.0,
        1.0
      ]
    ],
    [
      [
        0.8889632434449617,
        -0.11404529730022642,
        -0.443551600118314,
        -0.02676973305642605
      ],
      [
        -0.15127968664013966,
        0.8410131019701972,
        -0.5194337481570948,
        -0.014430422335863113
      ],
      [
        0.4322716833356945,
        0.5288578565911355,
        0.7303769980687749,
        -0.37097132205963135
      ],
      [
        0.0,
        0.0,
        0.0,
        1.0
      ]
    ],
    [
      [
        0.9392027016100625,
        0.036460487973430274,
        -0.34142190630523217,
        -0.018033385276794434
      ],
      [
        -0.13510977257437864,
        0.9533743989348565,
        -0.26985663751425476,
        -0.0033586369827389717
      ],
      [
        0.3156638000203049,
        0.2995795191136062,
        0.9003379793635281,
        -0.364108145236969
      ],
      [
        0.0,
        0.0,
        0.0,
        1.0
      ]
    ],
    [
      [
        0.9913431774874654,
        -0.07964395728196935,
        -0.10438172501699608,
        -0.0224626362323761
      ],
      [
        0.07483355623765275,
        0.9959803905502899,
        -0.049223982976983764,
        0.013621347956359386
      ],
      [
        0.10788254404620798,
        0.040986604003749406,
        0.9933184056395806,
        -0.3707171082496643
      ],
      [
        0.0,
        0.0,
        0.0,
        1.0
      ]
    ],
    [
      [
        0.9472793361497758,
        -0.3142262200720755,
        -0.06263977907732407,
        -0.03766594082117081
      ],
      [
        0.3201102732757391,
        0.9196960829291798,
        0.2273511116930269,
        0.021024173125624657
      ],
      [
        -0.013830121003519946,
        -0.23541664695585818,
        0.971796136074377,
        -0.38688865303993225
      ],
      [
        0.0,
        0.0,
        0.0,
        1.0
      ]
    ],
    [
      [
        0.7676904743851267,
        -0.5866111452336881,
        -0.2579509639950199,
        -0.05422177165746689
      ],
      [
        0.6198994799022227,
        0.5777892545566936,
        0.5309276901196375,
        -0.003069395199418068
      ],
      [
        -0.1624068051384941,
        -0.5674917987129339,
        0.8072032507604674,
        -0.412131130695343
      ],
      [
        0.0,
        0.0,
        0.0,
        1.0
      ]
    ],
    [
      [
        0.7289053092663489,
        -0.6165933844579363,
        -0.29750571148473026,
        -0.06361932307481766
      ],
      [
        0.62157609242446,
        0.41389383217376596,
        0.6650827444873709,
        -0.0020828295964747667
      ],
      [
        -0.28694984134804313,
        -0.6697047811769167,
        0.6849491182701901,
        -0.4219759702682495
      ],
      [
        0.0,
        0.0,
        0.0,
        1.0
      ]
    ],
    [
      [
        0.7169308502472577,
        -0.6424847819918088,
        -0.2705983386362198,
        -0.06413373351097107
      ],
      [
        0.5735965547295311,
        0.3230171190285013,
        0.7527595454173525,
        0.0007185661233961582
      ],
      [
        -0.39622865666955026,
        -0.6948908156850723,
        0.6001079952061784,
        -0.42481571435928345
      ],
      [
        0.0,
        0.0,
        0.0,
        1.0
      ]
    ],
    [
      [
        0.7325536658877143,
        -0.6494555694037217,
        -0.20389357509484765,
        -0.06491462141275406
      ],
      [
        0.5230614752795301,
        0.34536590301304043,
        0.7791848857071012,
        0.0022748541086912155
      ],
      [
        -0.43562807493649025,
        -0.6774436186181655,
        0.5927042465856416,
        -0.4244723618030548
      ],
      [
        0.0,
        0.0,
        0.0,
        1.0
      ]
    ],
    [
      [
        0.7310130588968328,
        -0.6743665144762707,
        -0.10416195022857988,
        -0.06420829892158508
      ],
      [
        0.40584527652226465,
        0.3069704968165964,
        0.8608476785173659,
        0.0076345098204910755
      ],
      [
        -0.5485522028456926,
        -0.6715645302108334,
        0.4980879064139586,
        -0.42193081974983215
      ],
      [
        0.0,
        0.0,
        0.0,
        1.0
      ]
    ],
    [
      [
        0.7590340150984944,
        -0.6454549739948494,
        0.08517769936296171,
        -0.061679136008024216
      ],
      [
        0.3641641833408791,
        0.5293652088055656,
        0.7662616545788463,
        0.015576297417283058
      ],
      [
        -0.5396775069382913,
        -0.5505999929636294,
        0.6368577833812838,
        -0.4180870056152344
      ],
      [
        0.0,
        0.0,
        0.0,
        1.0
      ]
    ],
    [
      [
        0.7896766707797213,
        -0.559943003008377,
        0.2507480588324007,
        -0.057925745844841
      ],
      [
        0.31723398776516026,
        0.722484009222868,
        0.6143121791270829,
        0.020107008516788483
      ],
      [
        -0.5251412692151232,
        -0.405562189804735,
        0.7481617188602462,
        -0.40233826637268066
      ],
      [
        0.0,
        0.0,
        0.0,
        1.0
      ]
    ],
    [
      [
        0.7888907790049201,
        -0.44088610360738945,
        0.42810136935882853,
        -0.055465806275606155
      ],
      [
        0.24905123793587328,
        0.8662281770530337,
        0.43315381351430626,
        0.025142526254057884
      ],
      [
        -0.56180496587661,
        -0.23509187337139426,
        0.7931626512835238,
        -0.3982168734073639
      ],
      [
        0.0,
        0.0,
        0.0,
        1.0
      ]
    ],
    [
      [
        0.7194731590650365,
        -0.25418679692429874,
        0.6463338499988548,
        -0.0479058176279068
      ],
      [
        0.16060205078417958,
        0.9662863711308698,
        0.20124023019925902,
        0.026284437626600266
      ],
      [
        -0.6756961999810954,
        -0.04098440235138566,
        0.7360400288673214,
        -0.3927871882915497
      ],
      [
        0.0,
        0.0,
        0.0,
        1.0
      ]
    ],
    [
      [
        0.6288644209286879,
        -0.1649006142315645,
        0.759827169503749,
        -0.050451818853616714
      ],
      [
        0.11548337170878975,
        0.9862211110744598,
        0.11845467880091362,
        0.02808069810271263
      ],
      [
        -0.7688908446254225,
        0.013255470459808773,
        0.6392426468517988,
        -0.39916422963142395
      ],
      [
        0.0,
        0.0,
        0.0,
        1.0
      ]
    ],
    [
      [
        0.38895035879460327,
        -0.11167471937583721,
        0.9144650761214873,
        -0.04404512792825699
      ],
      [
        0.13100399387449435,
        0.9892429902418927,
        0.06508655657054271,
        0.027476122602820396
      ],
      [
        -0.9118966893143549,
        0.09448313769984049,
        0.39939625024267844,
        -0.3827650249004364
      ],
      [
        0.0,
        0.0,
        0.0,
        1.0
      ]
    ],
    [
      [
        0.13215016862988466,
        -0.07248177126266064,
        0.9885761102544006,
        -0.0378522127866745
      ],
      [
        0.12244094499465566,
        0.9908786187036902,
        0.05628301684063295,
        0.019632283598184586
      ],
      [
        -0.9836384233649624,
        0.1136043829722014,
        0.1398195131217264,
        -0.3765454888343811
      ],
      [
        0.0,
        0.0,
        0.0,
        1.0
      ]
    ],
    [
      [
        -0.24489603620803158,
        -0.020318528326700128,
        0.9693364167595436,
        -0.025635529309511185
      ],
      [
        0.1901593540274013,
        0.9793556260773623,
        0.06857096868573001,
        0.012481870129704475
      ],
      [
        -0.95071833448476,
        0.201121145276311,
        -0.23597655264298834,
        -0.39633581042289734
      ],
      [
        0.0,
        0.0,
        0.0,
        1.0
      ]
    ],
    [
      [
        -0.34821715691670635,
        0.029154696288410192,
        0.9369604128847582,
        -0.01572788879275322
      ],
      [
        0.21556473868946763,
        0.9752204586888532,
        0.04976846781290531,
        0.016524646431207657
      ],
      [
        -0.9122919790629465,
        0.21930586093178908,
        -0.3458732199786207,
        -0.4048694670200348
      ],
      [
        0.0,
        0.0,
        0.0,
        1.0
      ]
    ],
    [
      [
        -0.4343793338441455,
        0.08460489353184607,
        0.8967477941537308,
        0.004261048510670662
      ],
      [
        0.2502349071606302,
        0.9677230045291586,
        0.02991116419281678,
        0.019745495170354843
      ],
      [
        -0.8652728388013967,
        0.2373903925931373,
        -0.44152997173130726,
        -0.40602532029151917
      ],
      [
        0.0,
        0.0,
        0.0,
        1.0
      ]
    ],
    [
      [
        -0.5020612885347943,
        0.1146966417670544,
        0.8571925938329974,
        0.01603657193481922
      ],
      [
        0.28320901623715194,
        0.958318953687128,
        0.037648852917355605,
        0.018903976306319237
      ],
      [
        -0.8171457126343911,
        0.2616667028327603,
        -0.5136179717960278,
        -0.39774367213249207
      ],
      [
        0.0,
        0.0,
        0.0,
        1.0
      ]
    ],
    [
      [
        -0.5820776201701648,
        0.22141191999553828,
        0.7824080813622307,
        0.02256368100643158
      ],
      [
        0.36710663075622424,
        0.9301262120097743,
        0.00989703931294672,
        0.017222361639142036
      ],
      [
        -0.725546942486736,
        0.2929880397153408,
        -0.6226874359033683,
        -0.38574302196502686
      ],
      [
        0.0,
        0.0,
        0.0,
        1.0
      ]
    ],
    [
      [
        -0.5786449907646526,
        0.36362174915740236,
        0.7300336966213861,
        0.035473208874464035
      ],
      [
        0.4692558430171893,
        0.8805438838078287,
        -0.06664399810074338,
        0.012166565284132957
      ],
      [
        -0.6670599136938165,
        0.30400936207349943,
        -0.6801539379540943,
        -0.37145888805389404
      ],
      [
        0.0,
        0.0,
        0.0,
        1.0
      ]
    ],
    [
      [
        -0.5105811511538569,
        0.5764975681509988,
        0.6379321609719851,
        0.048625506460666656
      ],
      [
        0.5554749772700466,
        0.787481224024392,
        -0.2670596776675327,
        0.0034432513639330864
      ],
      [
        -0.6563188536932666,
        0.2179997149654783,
        -0.7223030434393356,
        -0.3781016767024994
      ],
      [
        0.0,
        0.0,
        0.0,
        1.0
      ]
    ],
    [
      [
        -0.44814086016714527,
        0.7084403045051326,
        0.5452358245762343,
        0.05402233451604843
      ],
      [
        0.6180504848433601,
        0.6861942260800193,
        -0.3836027662560981,
        0.007747353054583073
      ],
      [
        -0.6458973352116717,
        0.16507519210080668,
        -0.7453635443992033,
        -0.38418370485305786
      ],
      [
        0.0,
        0.0,
        0.0,
        1.0
      ]
    ],
    [
      [
        -0.3578872716277816,
        0.8466022106544937,
        0.39393070167447825,
        0.05373175069689751
      ],
      [
        0.7083475338990466,
        0.5210263320256601,
        -0.4762093369045024,
        -0.004147619940340519
      ],
      [
        -0.6084081459234102,
        0.10861058074981023,
        -0.7861572805254857,
        -0.38749802112579346
      ],
      [
        0.0,
        0.0,
        0.0,
        1.0
      ]
    ],
    [
      [
        -0.24239731441955592,
        0.9310969876534178,
        0.2725838248042574,
        0.05425814166665077
      ],
      [
        0.7578265661782725,
        0.35714214573044334,
        -0.5460296542656845,
        -0.014808951877057552
      ],
      [
        -0.6057577383382198,
        0.07421514215970967,
        -0.7921803299234201,
        -0.3939313292503357
      ],
      [
        0.0,
        0.0,
        0.0,
        1.0
      ]
    ],
    [
      [
        -0.1438171140013959,
        0.980206642588318,
        0.13605725098666047,
        0.050279755145311356
      ],
      [
        0.7724716878953142,
        0.19713126561965483,
        -0.6036776917489642,
        -0.02088276855647564
      ],
      [
        -0.6185500215184492,
        0.018281190905701683,
        -0.7855327293872583,
        -0.397093266248703
      ],
      [
        0.0,
        0.0,
        0.0,
        1.0
      ]
    ],
    [
      [
        -0.0029201355362127868,
        0.9999673410257366,
        0.007535893468499588,
        0.04010336846113205
      ],
      [
        0.8022413323167195,
        0.006841508854546652,
        -0.5969606674474359,
        -0.029999885708093643
      ],
      [
        -0.5969927282062532,
        0.00430239915763142,
        -0.8022351100708216,
        -0.39848044514656067
      ],
      [
        0.0,
        0.0,
        0.0,
        1.0
      ]
    ],
    [
      [
        0.17822194559757543,
        0.9743057293731316,
        -0.13771450111772748,
        0.025300797075033188
      ],
      [
        0.7694629630979002,
        -0.22522886825868238,
        -0.5976610287809574,
        -0.04560248926281929
      ],
      [
        -0.6133218457938818,
        0.0005501032655950699,
        -0.7898329005925132,
        -0.4025370180606842
      ],
      [
        0.0,
        0.0,
        0.0,
        1.0
      ]
    ],
    [
      [
        0.2741102889851698,
        0.9464524241219668,
        -0.17056189007547692,
        0.02684679441154003
      ],
      [
        0.7553180452527996,
        -0.3216539395886224,
        -0.57099333942053,
        -0.04294173792004585
      ],
      [
        -0.5952799341385164,
        0.027686675870736532,
        -0.8030412492464333,
        -0.4020729660987854
      ],
      [
        0.0,
        0.0,
        0.0,
        1.0
      ]
    ],
    [
      [
        0.40350721807091816,
        0.8818872761468459,
        -0.24383756301063472,
        0.016444478183984756
      ],
      [
        0.7628891402058928,
        -0.4714009702715735,
        -0.442471790041956,
        -0.03208000957965851
      ],
      [
        -0.5051555054837888,
        -0.007480467720394263,
        -0.8629959199683982,
        -0.41321539878845215
      ],
      [
        0.0,
        0.0,
        0.0,
        1.0
      ]
    ],
    [
      [
        0.5028486492088284,
        0.7932501372223298,
        -0.3433619894304135,
        -0.001375146210193634
      ],
      [
        0.6182589102030659,
        -0.6076857979241133,
        -0.4984715548111558,
        -0.03509023040533066
      ],
      [
        -0.6040688337792093,
        0.03836913861541005,
        -0.7960079479870396,
        -0.39398670196533203
      ],
      [
        0.0,
        0.0,
        0.0,
        1.0
      ]
    ],
    [
      [
        0.5812710833674963,
        0.7059015919996228,
        -0.40475532121662716,
        -0.0139623386785388
      ],
      [
        0.5264128890473296,
        -0.7055269497238124,
        -0.4744693809491367,
        -0.037334661930799484
      ],
      [
        -0.62049447852952,
        0.0627269130900854,
        -0.7816981108385563,
        -0.4036441743373871
      ],
      [
        0.0,
        0.0,
        0.0,
        1.0
      ]
    ],
    [
      [
        0.6565182636000718,
        0.6081352407575239,
        -0.4462681912351976,
        -0.022455338388681412
      ],
      [
        0.4264593152003985,
        -0.7872400260159553,
        -0.44540497742751484,
        -0.03930587321519852
      ],
      [
        -0.6221866456605716,
        0.10210127514965842,
        -0.7761823932391535,
        -0.4023829400539398
      ],
      [
        0.0,
        0.0,
        0.0,
        1.0
      ]
    ],
    [
      [
        0.5858140348674756,
        0.6738347857240153,
        -0.45029834343528113,
        -0.017692221328616142
      ],
      [
        0.39961963143793866,
        -0.7235434715115675,
        -0.5628401149548561,
        -0.040855955332517624
      ],
      [
        -0.705071674882557,
        0.1497715806862567,
        -0.6931395291693051,
        -0.3947720527648926
      ],
      [
        0.0,
        0.0,
        0.0,
        1.0
      ]
    ],
    [
      [
        0.44007370230464193,
        0.8386391866655386,
        -0.3209664330250894,
        -9.645521640777588e-05
      ],
      [
        0.5061815401784816,
        -0.5269185598996999,
        -0.6827423230002418,
        -0.045891597867012024
      ],
      [
        -0.7416976371287869,
        0.13798965838855487,
        -0.6563866766284827,
        -0.39940837025642395
      ],
      [
        0.0,
        0.0,
        0.0,
        1.0
      ]
    ],
    [
      [
        0.24762030941720747,
        0.9543532955634316,
        -0.1670148784131033,
        0.02486172504723072
      ],
      [
        0.6305788852440622,
        -0.28962543160280263,
        -0.7200606772024467,
        -0.04229471832513809
      ],
      [
        -0.7355640365382761,
        0.07298559183912656,
        -0.6735121762339641,
        -0.4120738208293915
      ],
      [
        0.0,
        0.0,
        0.0,
        1.0
      ]
    ],
    [
      [
        0.1579175721584884,
        0.987303549300821,
        -0.017138901410823748,
        0.040097273886203766
      ],
      [
        0.6744894837843943,
        -0.12052764329928262,
        -0.7283797247761514,
        -0.047224339097738266
      ],
      [
        -0.7211975989060347,
        0.10346394898089967,
        -0.6849592941142181,
        -0.42361366748809814
      ],
      [
        0.0,
        0.0,
        0.0,
        1.0
      ]
    ],
    [
      [
        -0.012786695616789467,
        0.9743575214923402,
        0.22464176086940568,
        0.06061737239360809
      ],
      [
        0.6550142787566772,
        0.17790850381936973,
        -0.7343737869052946,
        -0.04058659076690674
      ],
      [
        -0.7555083024296115,
        0.1377533468923967,
        -0.6404929510774255,
        -0.4417855739593506
      ],
      [
        0.0,
        0.0,
        0.0,
        1.0
      ]
    ],
    [
      [
        -0.10840357947336005,
        0.9143790742781136,
        0.39007636749701047,
        0.07161513715982437
      ],
      [
        0.6303145252307608,
        0.3666517039992981,
        -0.6843026576285755,
        -0.04300648346543312
      ],
      [
        -0.7687341954411051,
        0.17168994285254724,
        -0.6160927692180826,
        -0.4529419243335724
      ],
      [
        0.0,
        0.0,
        0.0,
        1.0
      ]
    ],
    [
      [
        -0.15940875264967375,
        0.8929138946256359,
        0.421062496980144,
        0.0762883797287941
      ],
      [
        0.5861769075118464,
        0.42880103401417996,
        -0.6874054890151943,
        -0.04700634628534317
      ],
      [
        -0.7943459464732752,
        0.13723866078058589,
        -0.5917601433931048,
        -0.45815038681030273
      ],
      [
        0.0,
        0.0,
        0.0,
        1.0
      ]
    ],
    [
      [
        -0.14099031553398075,
        0.9150490893141516,
        0.3778979955900408,
        0.07636471092700958
      ],
      [
        0.47769565134600983,
        0.39721469228887585,
        -0.78359897454946,
        -0.0492401197552681
      ],
      [
        -0.8671381640838673,
        0.07004036247190398,
        -0.49311839553403836,
        -0.44434094429016113
      ],
      [
        0.0,
        0.0,
        0.0,
        1.0
